31 -79 70 32 -80 83 26 -73 90 31 -86 73 29 -76 75 32 -75 74 34 -78 75 30 -76 75  -> n
-12 -70 113 14 -107 106 36 -57 98 75 -59 146 22 -12 136 -1 -1 107 -123 85 142 -62 -16 124  -> n
-156 78 283 -66 41 251 53 -68 394 -95 -90 335 -89 27 297 33 -88 226 -142 -35 222 -31 -104 224  -> r
-30 -193 311 -54 -130 319 16 -194 306 -22 -130 298 37 -189 366 -39 -68 263 -38 -222 255 -78 -65 269  -> n
-21 -136 200 -30 -49 194 44 -188 220 32 -98 245 0 -61 129 49 -154 305 84 -80 262 103 -162 310  -> r
-46 -52 279 51 -205 98 59 -53 200 164 -172 171 -64 -8 152 -67 -210 70 -25 -67 236 158 -133 212  -> r
-52 -146 344 -19 -110 174 86 -92 294 197 -33 220 49 -234 248 -45 -138 266 74 -167 294 111 -82 213  -> r
-199 -324 186 -42 -208 257 65 -83 391 19 -35 251 10 -120 139 -44 -71 211 78 -34 297 98 -162 173  -> r
94 -154 218 78 -161 238 -7 -138 227 -30 -179 205 -7 -105 176 113 -176 225 67 -156 123 88 -208 89  -> r
12 -251 272 69 -203 326 -78 13 340 95 -249 164 -23 51 375 97 -270 212 70 -84 251 170 -290 265  -> r
-103 -258 285 143 -174 128 156 -127 369 -6 -96 184 66 -197 140 67 -253 257 86 -121 209 94 -164 109  -> r
59 -211 207 -59 -244 245 -26 -273 280 66 -97 257 53 -97 128 52 -136 141 102 -193 290 -38 -151 133  -> r
175 -216 195 -66 -166 219 12 -265 105 105 -231 265 58 -164 227 0 -193 205 58 -314 243 74 -144 309  -> r
-34 -140 140 3 -203 220 55 -327 170 201 -141 400 59 -238 65 -158 -136 205 43 -244 261 143 -246 183  -> r
9 -68 144 34 -240 74 12 -55 151 18 -148 22 -109 -152 102 191 -262 300 265 -113 328 -8 -251 166  -> r
34 -81 249 75 -12 130 -29 -112 75 46 -23 178 184 -138 84 -33 -104 319 104 -229 142 -9 -192 363  -> r
37 -152 147 35 -105 175 83 -120 253 41 -163 143 -5 -195 97 58 -126 356 112 -159 78 12 -51 153  -> r
11 -193 264 73 -141 230 80 -186 287 200 -123 244 -110 -87 195 -58 -219 194 62 -153 219 195 -195 257  -> r
24 -9 140 -39 -207 149 -122 -121 107 13 -257 105 256 -236 284 329 -178 337 -11 -94 173 -79 -229 77  -> r
83 -183 168 -81 -137 288 70 -179 133 40 -198 437 176 -20 112 56 -185 211 64 -208 213 -80 -273 235  -> r
