-7 2 54 1 -3 54 -1 -3 55 0 4 59 2 3 53 -10 1 39 -17 14 38 -12 16 38  -> nn
-12 5 37 -16 30 49 -7 15 52 -10 -19 14 -4 -39 54 -5 -5 44 -1 74 71 -37 80 118  -> n
-90 161 204 -97 55 191 -98 153 286 5 37 254 38 133 275 -209 183 268 -124 67 199 -58 -34 114  -> r
-57 -6 195 -103 -64 229 -98 -199 222 -64 -34 316 -22 0 206 9 -126 366 -114 54 407 -84 -125 237  -> r
-35 -10 239 -203 -49 94 -92 -132 173 106 -23 156 35 -113 324 32 -79 135 -105 -149 234 -88 -29 210  -> r
8 34 171 9 40 195 3 58 112 -209 -137 114 -7 -69 342 0 78 194 -51 -123 252 -76 -73 148  -> r
-10 119 172 -65 172 96 -88 122 147 -110 77 57 54 -34 208 -15 87 128 -38 26 144 -130 0 80  -> r
-4 -6 304 -47 62 138 -33 41 219 -179 9 184 -124 -41 151 -36 7 99 -62 61 320 44 -50 230  -> r
7 -11 235 -83 -41 148 -93 20 12 -48 -41 311 149 53 188 -5 60 173 -115 -37 126 -121 -54 139  -> r
178 166 265 -59 -65 401 -134 5 121 -83 -141 275 20 9 153 -1 1 262 -69 11 124 174 -59 178  -> r
-1 29 156 119 2 225 5 45 241 -76 -3 110 -89 -37 126 -41 -4 206 99 -21 119 -12 -27 243 48 138 172 73 46 150 -116 8 100 -173 -47 209 -100 16 103 -78 1 310 -22 55 79 -60 21 204 22 -118 345 -4 96 436 -17 85 320 -190 -128 114 -216 -55 310 56 -20 116 115 123 337 8 -19 267  -> r
54 76 130 -73 94 104 -60 66 178 -98 -38 159 36 -37 167 24 49 323 -25 -92 265 -145 -5 110  -> r
117 66 92 57 40 291 -13 57 123 -121 30 72 -90 16 233 13 67 256 -77 113 218 -26 -53 255  -> r
-42 111 170 -18 -35 191 -137 -47 130 -56 78 388 -56 -14 132 -168 28 202 41 14 216 -10 -60 107 50 0 173 -99 40 256 -91 -100 149 -106 -57 150 -47 30 190 55 -12 150 54 -13 276 -34 -67 173  -> r
79 66 126 -122 41 98 -3 -100 311 -191 141 295 144 -47 126 15 172 162 84 -33 170 -137 52 111  -> r
-124 50 187 -134 -18 134 -115 54 293 -67 -6 210 -95 12 315 95 192 251 52 93 203 50 6 182  -> r
49 3 182 109 -42 425 -39 65 511 -148 19 195 -166 -8 252 -225 33 222 48 61 242 1 88 44  -> r
23 17 231 3 34 167 -100 -23 86 -57 -51 218 -16 -22 268 -32 10 338 -30 32 270 -211 -7 161  -> r
-36 1 314 -38 -30 168 -38 2 70 -41 -137 294 -23 -19 175 -30 -21 332 57 -22 237 -120 0 276  -> r
-71 -121 72 -151 79 291 124 72 133 -23 18 290 -83 50 105 -58 -110 241 -35 -19 81 -37 5 275  -> r
-50 27 267 41 -9 375 31 63 182 -103 -26 271 -5 -21 184 -64 -26 236 -23 11 279 47 -34 57  -> r
12 111 51 -108 95 141 -75 90 36 -140 55 107 -5 82 65 -14 35 183 72 110 142 -64 31 201  -> r
-80 -4 180 -89 -45 102 -98 75 291 102 52 123 36 66 360 82 -48 127 -142 22 177 -84 -41 137  -> r
-237 -42 190 -91 9 10 65 74 354 156 69 214 -132 148 93 -94 -139 123 73 4 132 78 125 186  -> r
-160 51 337 76 -30 190 -80 91 254 -77 20 173 49 -23 201 -46 62 346 44 64 77 -60 108 260  -> r
-115 150 240 -9 -67 199 -112 39 221 -53 23 345 20 40 44 -149 70 366 -84 159 107 -152 112 100  -> r
-44 -9 86 -29 -14 297 46 -20 84 -15 -23 140 -141 66 194 83 -5 79 -13 49 231 23 28 119  -> r
-25 14 241 86 126 159 92 -11 95 -102 78 78 -58 52 167 -96 138 128 68 3 142 136 19 191  -> r
-157 -58 186 -13 -13 139 92 48 284 28 53 287 -34 -18 81 -124 68 273 68 -46 126 -106 81 164  -> r
-268 113 50 -203 84 208 41 141 29 -30 92 130 103 191 200 -14 7 138 -47 -52 36 -134 -33 255  -> r
-35 49 118 16 106 191 -39 24 256 -78 1 167 -132 -11 170 -118 94 227 110 41 138 -42 -5 120  -> r
167 28 131 -57 108 194 -73 20 179 35 42 202 -26 162 162 -155 26 182 -9 21 64 -93 130 185  -> r
-111 31 121 -25 -6 137 -37 44 109 30 -15 134 69 72 135 -29 108 311 -4 -50 177 -251 42 160  -> r
28 72 84 69 -22 65 1 97 318 97 -114 26 2 69 111 40 50 161 -103 52 169 -50 -14 172  -> r
-151 81 112 -11 37 259 -82 146 14 -15 19 37 -13 -7 217 -64 162 128 11 12 145 -76 125 219  -> r
-64 41 293 -102 85 266 31 -11 148 -64 40 285 -50 7 164 -86 22 147 -79 26 127 8 49 299  -> r
-48 135 205 -75 48 94 -126 74 34 14 187 105 79 110 219 -61 51 78 -116 4 154 47 -39 123  -> r
-102 88 196 -80 -34 190 -134 25 236 109 -14 152 -113 182 330 -10 127 39 83 116 198 -84 256 261  -> r
60 19 283 -109 56 88 -10 -8 160 32 19 209 -38 175 249 10 102 197 -119 69 101 -130 96 100  -> r
170 74 97 33 149 95 42 86 142 -82 140 97 -216 -65 79 14 61 103 40 220 133 -16 30 196  -> r
-137 25 288 -70 99 78 35 -86 38 -89 205 382 100 19 -22 -69 158 407 14 -86 20 -141 93 169  -> r
-115 106 95 34 -5 216 -49 176 164 -124 200 143 89 -10 143 -23 171 203 107 90 165 -126 26 52  -> r
-9 73 191 51 -5 258 19 173 181 31 37 160 -161 113 95 -33 45 33 -81 143 213 245 85 82  -> r
-119 89 124 69 -24 81 -74 53 204 -61 51 256 -54 22 91 -47 85 314 -82 10 156 -141 82 138  -> r
-43 -6 168 130 4 65 -140 189 156 239 -201 -203 -110 375 278 204 -135 -2 -220 80 111 -25 -17 130  -> r
-80 83 271 -97 -97 102 -100 80 127 66 -83 318 -89 36 268 26 7 183 -101 103 202 -85 7 81  -> rr
85 158 303 -21 -66 141 -222 2 235 35 -81 92 -6 27 265 128 -28 108 -95 -12 180 -61 32 182  -> r
-219 132 75 -29 37 151 87 212 78 -63 69 141 -25 -11 165 -126 44 100 -29 7 64 13 12 178  -> r
-11 -3 79 10 -13 418 -6 -2 251 -45 -4 238 -25 -148 94 -176 26 349 31 -62 79 -14 40 261  -> r
-89 -36 79 58 11 284 254 27 125 -196 52 172 -201 -92 3 -70 56 239 158 1 259 -82 67 172  -> r
-90 46 168 -210 1 123 -107 67 310 62 50 115 -60 84 234 -52 -4 119 -7 53 191 19 18 187  -> r
-31 15 240 -3 21 292 -81 26 285 -57 -28 323 -203 78 187 -122 98 144 1 68 156 7 96 142  -> r
-118 -39 138 -103 44 389 37 6 36 -60 4 257 -37 22 179 -50 -5 305 -125 61 239 -36 -34 45  -> r
-64 56 149 -24 8 245 58 4 179 16 76 109 14 21 270 -152 -9 148 -140 -18 135 -72 11 182  -> r
14 128 236 35 32 179 70 208 150 -155 14 128 -106 -31 69 -40 67 270 32 108 54 -127 -1 211  -> r
-106 13 21 -157 25 340 25 -55 299 -83 101 363 -49 -8 266 -151 95 253 -118 84 235 -37 99 170  -> r
-109 38 231 -114 23 198 -33 92 32 6 43 161 -101 59 267 -23 -43 88 -116 27 166 38 30 310  -> r
6 72 102 -60 -22 302 -128 23 215 -24 47 145 -82 28 305 28 -5 158 -66 155 254 -2 -81 103  -> r
-53 -32 102 -130 22 216 -30 -51 166 9 40 166 43 31 139 -15 -51 275 -39 -30 85 -164 52 112  -> r
-92 80 170 -13 78 261 2 45 126 -12 85 199 -84 121 212 11 119 116 -66 134 87 -159 87 71  -> r
-91 24 153 -86 123 62 -18 98 98 -60 66 127 -81 90 186 -4 7 267 -137 95 208 -95 25 215  -> r
21 123 198 5 87 311 3 -17 130 -201 -26 108 -75 -23 242 72 132 190 85 20 95 -116 40 395  -> r
-25 42 254 37 50 191 -120 -31 219 -45 -48 187 -77 127 260 -36 69 231 -58 4 104 -61 89 196  -> r
-117 66 67 41 17 143 12 144 187 0 50 84 -45 9 214 -78 34 47 -95 -9 138 130 44 125 42 101 128 -138 216 140 -66 20 128 -100 81 157 -109 193 204 -37 112 -31 -129 166 217 -100 212 89  -> r
24 -116 172 2 231 17 -32 77 269 -116 56 197 -163 128 194 -81 64 110 -116 132 206 -29 39 68  -> r
-53 -35 114 -134 145 173 -7 4 205 119 113 255 35 95 15 -182 -10 299 -178 92 103 -20 7 290  -> r
128 63 187 6 61 154 -101 28 162 -74 42 122 -38 45 205 111 8 210 -63 125 75 -81 46 195 17 15 174 31 -46 156 -18 37 255 56 46 164 -33 -77 157 -67 99 87 -4 57 264 -59 81 156  -> r
-189 107 50 -176 139 190 2 137 103 -52 171 105 -27 41 174 -86 173 65 -63 70 125 -51 85 113  -> r
23 64 102 17 140 181 -63 0 131 -143 78 120 -31 12 212 -10 69 -61 96 -114 471 45 190 59  -> r
-101 75 69 -64 18 109 -47 8 117 64 70 231 -2 6 59 -68 58 161 -141 6 1 -17 -48 105  -> r
-39 41 73 25 79 202 -82 -63 184 -176 100 203 134 6 158 32 125 173 120 93 131 -86 62 138  -> r
-14 93 145 -95 128 261 -108 85 -39 -143 132 201 -9 138 153 -29 45 192 -82 128 210 -48 73 8  -> r
-209 118 150 -53 189 154 -58 168 105 -244 137 149 -49 76 28 -35 289 372 9 112 83 -166 109 123  -> r
-155 119 114 -141 -46 274 -85 127 156 -29 -15 234 -28 21 252 -81 59 217 10 -51 252 -155 11 295  -> r
-21 50 35 -144 7 138 21 13 41 28 116 46 -3 144 182 49 -69 64 -137 25 103 -19 -32 155  -> r
-89 32 55 -131 11 119 30 -70 189 82 66 238 28 -16 192 -94 53 189 -86 37 222 -98 31 214  -> r
80 24 33 -73 189 -45 -169 21 114 44 44 45 31 207 163 59 132 117 -150 69 113 -145 50 -20  -> r
88 -105 216 128 178 279 -158 153 292 -132 -51 -62 -249 143 331 77 101 283 84 152 291 -119 28 174  -> r
-45 18 107 -131 62 163 3 -57 181 42 30 206 19 94 246 -122 70 125 114 -5 91 -100 222 272  -> r
96 154 282 1 30 17 11 12 55 -120 71 190 27 -24 228 -62 62 124 -32 46 250 18 101 76  -> r
-69 -15 32 -33 168 235 86 86 31 -71 174 275 2 53 152 -64 79 162 -76 163 3 -11 177 354  -> r
79 18 237 -108 90 106 -174 -10 194 -88 26 165 6 225 314 94 -52 188 -63 147 233 -267 47 117  -> r
-1 -26 -3 -166 109 239 -132 141 101 -39 166 245 77 32 59 -44 253 18 6 156 160 43 206 112  -> r
-34 19 97 -41 135 293 -1 -9 157 -110 105 371 -68 -36 86 -136 149 351 12 82 205 -42 131 216  -> r
-140 125 112 211 130 97 59 116 151 3 17 -2 -153 42 185 -34 -4 151 -127 120 305 18 -31 128  -> r
20 0 162 -97 87 131 -129 50 289 54 -81 -47 -170 72 102 90 -26 151 143 -11 193 -90 87 169  -> r
81 -58 179 -63 98 157 20 -132 48 28 143 213 22 62 67 2 3 127 -144 -9 214 33 13 130  -> r
-301 46 201 -69 -87 -58 -133 221 241 265 26 152 23 130 129 66 108 176 -98 -6 110 -80 13 284  -> r
-125 85 82 -58 274 86 110 101 60 -103 142 70 -38 109 46 -59 188 62 2 136 39 -114 137 37  -> r
-74 -6 249 -187 -16 207 67 59 243 -44 125 343 -95 62 211 -137 103 195 -36 92 221 -96 112 183  -> r
-31 -23 234 -82 28 74 -3 12 174 49 119 350 48 -10 56 13 151 408 -26 -9 86 -158 95 241  -> r
-48 -54 130 -181 -52 156 54 -10 287 75 105 173 -59 35 166 -48 26 177 -33 -14 198 74 48 320  -> r
-129 134 271 94 41 80 -27 12 124 -23 37 184 141 -33 113 -68 71 243 -98 -90 -2 -131 66 279  -> r
-66 127 37 -103 83 43 -59 94 111 -61 137 157 -2 93 160 -57 128 201 -44 131 -30 -140 32 221  -> r
-51 124 222 -66 45 49 -136 114 332 29 89 65 28 141 235 26 54 77 -54 44 127 -108 100 137  -> r
31 24 301 74 177 198 -29 17 179 -183 34 146 -235 -38 -9 39 10 141 219 104 224 11 261 342  -> r
-104 -45 144 106 -23 173 38 112 261 -60 -45 164 -124 -47 31 -30 123 289 185 -49 -25 20 127 443  -> r
-62 8 47 0 -132 26 -151 87 259 89 80 7 59 55 71 129 -6 133 -99 -18 -2 -118 42 206  -> r
-25 -52 172 -46 4 227 7 19 64 -147 -87 83 -101 -12 168 -64 -9 247 -9 -53 240 79 54 267  -> r
195 17 283 191 128 148 -101 -91 86 -239 14 42 117 -40 31 -26 148 150 73 29 -51 -136 40 90  -> r
67 8 234 33 107 107 -152 77 89 5 43 152 41 39 147 -65 40 143 -61 14 158 65 -8 166  -> r
-113 146 122 -41 22 37 -77 122 156 -83 26 174 -11 53 50 -88 177 138 30 52 233 28 159 25  -> r
-106 63 80 65 56 -3 -108 138 253 129 -31 11 63 116 140 -50 -15 144 -79 24 241 -16 44 39  -> r
39 -44 94 -173 8 140 -29 -41 -2 -121 43 426 187 -76 -3 -128 101 291 -34 46 173 -28 -4 -5  -> r
-32 56 105 -5 22 206 26 15 104 6 29 312 13 -28 71 -25 -6 75 -39 -67 140 -35 76 258  -> r
-29 116 91 -156 94 -106 -38 38 287 -35 161 159 -23 54 72 -146 99 48 22 58 -8 -116 143 99  -> r
73 73 157 22 61 270 127 107 173 -120 105 278 -121 153 101 -106 46 102 54 93 123 -60 196 79  -> r
-81 -30 291 -39 32 98 -36 -71 241 65 74 228 -163 22 192 -143 -16 129 8 55 232 101 174 168  -> r
51 85 155 -91 19 182 -51 15 215 48 17 178 -58 -48 98 -125 71 168 120 -16 280 105 53 80  -> r
25 -2 109 -118 34 54 -13 3 165 16 43 94 -66 56 149 89 -70 131 -21 22 231 -92 -13 161  -> r
-17 -67 63 -70 62 8 97 32 86 24 -25 158 -8 36 24 -48 41 28 3 112 84 0 59 -4  -> r
-121 64 -55 187 58 156 205 249 208 -69 -3 11 -57 -44 192 -52 43 -38 8 65 107 88 69 63  -> r
-118 23 139 -115 -26 23 -13 92 149 249 71 104 -29 115 -16 -119 7 146 28 133 131 -17 94 92  -> r
-84 -1 77 -51 -4 82 8 141 165 200 34 90 -38 202 284 0 6 -82 -199 60 112 5 51 142  -> r
42 62 75 7 64 178 -93 97 98 15 -41 206 -26 97 186 -86 81 65 -2 33 154 -80 164 -17  -> r
26 66 124 -70 70 88 64 47 55 -60 132 108 -82 59 201 52 53 41 -62 117 103 -38 54 114  -> r
57 -48 122 -51 64 135 -70 -31 135 2 6 137 -44 95 199 118 -43 98 -36 151 222 52 31 172  -> r
78 91 242 -299 61 -10 -128 -167 -78 39 -32 130 102 88 222 125 68 209 -48 38 5 46 -54 142  -> r
-37 -7 128 13 132 191 94 71 148 -127 64 104 20 -17 12 57 41 97 43 69 119 46 -59 86  -> r
51 132 101 35 215 47 5 53 70 -101 103 101 -65 27 21 -102 95 101 161 88 157 -8 133 58  -> r
155 30 155 -144 143 182 -197 -54 43 79 51 99 68 144 310 78 -80 21 -42 172 81 15 -5 145  -> r
-84 170 167 50 79 211 18 117 84 104 123 203 -173 78 -22 -95 0 -23 -51 90 132 124 98 64  -> r
-87 49 208 22 82 225 -57 38 23 -86 -49 156 -84 9 49 95 -30 315 -26 50 206 -6 9 160  -> r
-81 21 128 2 149 179 53 -34 73 -269 69 254 191 -26 82 -75 119 208 34 10 101 29 148 52  -> r
-20 0 54 -60 56 189 6 56 218 2 29 -30 -51 12 93 81 -8 157 -43 67 110 49 105 122  -> r
145 -10 77 -125 -30 103 -141 -50 173 72 -61 151 76 59 169 67 79 313 69 -80 -95 -176 148 354  -> r
-136 -23 212 -39 -64 4 -119 -36 241 -15 9 81 -1 -96 133 20 79 126 -31 -1 148 -18 -61 145  -> r
9 0 140 -64 37 -5 -72 24 208 163 -3 -120 128 171 479 231 -44 11 -243 20 -42 -160 -22 1  -> r
-64 80 19 -21 116 74 7 129 50 3 140 73 -114 118 69 -104 81 -8 -31 56 171 105 137 -11  -> r
-147 -6 -5 -97 47 66 38 98 226 34 36 91 -38 96 246 -106 -24 96 -58 -47 -16 111 157 261  -> r
150 181 -43 28 -105 127 -77 36 48 -58 107 269 -77 112 -91 -133 89 163 -16 50 35 71 170 28  -> r
32 70 166 48 70 203 8 44 156 -24 30 111 -42 76 173 0 84 93 -74 62 107 58 74 234  -> r
89 143 37 -75 53 2 -82 35 129 97 51 129 39 52 46 -225 131 172 21 29 68 -16 118 114  -> r
30 167 51 36 -42 112 -20 174 53 29 86 56 -28 33 210 -9 22 -48 32 50 24 -21 39 96  -> r
160 -52 34 -4 97 124 144 85 150 -98 3 -44 31 -69 78 79 95 108 59 126 24 122 95 85  -> r
57 15 89 -6 -13 111 -177 48 61 31 -6 162 112 -17 98 -83 129 104 41 25 -7 34 34 120  -> r
-17 -43 58 -131 -99 171 -72 -85 184 169 56 185 116 154 260 -111 19 85 70 3 218 80 18 90  -> r
-5 89 36 -9 48 147 -62 48 -16 20 36 0 -57 149 18 2 14 111 -62 27 -11 -48 -43 143  -> r
114 -73 51 -290 34 58 -48 -100 10 -42 0 101 35 65 101 119 -77 52 -63 117 36 61 -42 27  -> r
-66 -129 216 255 43 153 62 133 142 -158 -37 37 -147 -132 134 125 37 164 215 8 217 -72 110 225  -> r
40 15 52 -82 43 143 -54 -40 120 136 -20 102 3 31 194 -9 16 125 -89 0 41 51 25 219  -> r
58 71 85 25 18 142 38 -25 -21 -47 65 57 -21 63 87 -124 0 -26 -46 -5 22 54 45 196  -> r
36 133 -4 -62 105 123 73 54 -102 81 18 259 -62 91 -123 -85 -27 125 30 44 17 -20 83 39  -> r
-3 14 83 11 -44 223 17 18 193 -90 -30 191 -199 44 210 111 52 184 -81 5 74 -29 20 89  -> r
-30 -22 35 269 203 168 116 187 110 -122 -67 134 -166 -60 117 -12 -61 116 88 127 212 -72 109 74  -> r
96 0 -112 -3 91 200 40 57 55 -38 75 -19 48 60 196 -24 -10 -28 34 23 143 -120 61 72  -> r
-48 47 222 89 50 63 -52 65 101 62 -57 144 -156 111 30 0 34 -60 53 61 212 41 39 -93  -> r
-45 106 -11 66 5 91 -56 75 61 -105 45 -29 74 -59 43 -116 49 45 52 9 45 87 23 126  -> r
97 -17 49 -88 203 22 151 -103 -143 -49 81 199 -4 88 -1 177 28 31 -18 106 78 125 8 36  -> r
-64 91 130 16 11 68 -42 -23 116 -44 -46 198 51 37 83 128 53 132 216 135 94 -272 71 102  -> r
42 46 -25 -29 196 57 37 127 -40 -27 87 -21 -11 140 28 -34 134 -60 39 -37 159 -56 158 -12  -> r
2 23 181 -124 107 105 -97 43 -99 1 142 38 105 31 66 -5 130 13 -20 52 26 62 134 5  -> r
-35 75 96 14 14 35 102 -25 221 71 -25 72 -102 67 199 -2 -55 65 -93 -8 247 275 -35 123  -> r
163 75 53 83 128 65 -96 120 110 -28 40 -7 -24 135 56 138 50 -40 -109 119 77 118 51 -33  -> r
163 209 171 69 122 250 -73 -60 -23 -160 77 79 7 5 39 174 71 -43 92 149 356 110 -146 -193  -> r
-65 -4 41 25 10 130 73 82 63 -88 99 19 26 -65 209 21 238 78 -163 50 -53 2 -60 331  -> r
-58 -82 160 12 11 179 228 -15 228 -12 70 153 -101 -6 80 20 -33 143 -61 37 87 163 39 137  -> r
-30 40 106 -19 -48 -10 64 -10 218 11 -42 38 -83 54 189 42 -73 41 -11 -50 126 -85 52 219  -> r
-24 -5 -87 -76 90 187 329 129 115 -29 165 189 -83 -40 -146 -242 37 144 191 46 -43 193 114 110  -> r
-32 89 53 -55 46 1 -131 77 5 55 63 104 25 170 25 55 55 37 -108 128 77 18 -2 -24  -> r
-110 104 263 69 -66 201 -122 35 178 -138 -89 146 36 -8 261 56 49 223 155 52 219 -50 49 226  -> r
-170 55 62 -76 8 -99 123 -62 256 11 49 75 -6 86 179 -69 -3 81 -115 27 162 -22 13 31  -> r
-61 14 43 -37 92 243 167 135 -20 100 7 232 128 249 -56 -200 20 92 -140 102 56 -35 51 92  -> r
-16 145 -57 -108 180 8 19 106 90 -9 231 -1 -52 116 -50 -22 96 91 -29 130 59 65 91 -47  -> r
83 -24 195 -17 95 217 43 18 165 -127 25 211 -40 -8 136 -35 13 99 0 108 115 96 115 213  -> r
25 -33 204 -105 58 10 -40 102 201 21 138 87 -58 79 -52 -35 45 173 77 17 96 -40 116 108  -> r
100 159 64 6 141 12 75 8 142 -89 109 89 -142 24 -130 -136 102 140 155 140 -41 -38 179 190  -> r
-57 79 -50 -82 223 18 188 9 99 -50 348 -5 -25 89 -66 -68 200 55 -90 143 100 -11 97 -129  -> r
-101 -143 -9 -134 9 143 68 29 20 45 80 207 101 54 59 -155 117 202 68 -93 -13 -61 167 219  -> r
-76 129 194 53 -58 102 -25 85 50 -33 10 28 -30 41 144 42 25 105 -24 31 26 156 -19 149  -> r
108 51 155 70 110 209 -57 8 124 -118 -85 54 -79 103 190 64 44 282 30 212 196 -145 65 47  -> r
-122 8 110 -36 -14 117 -90 71 98 -125 35 99 -45 65 115 93 98 69 -73 102 171 52 49 84  -> r
58 -19 67 20 170 50 -55 -17 23 -162 119 153 93 -27 -96 -35 66 369 60 -25 67 -162 26 145  -> r
69 -56 37 -124 80 219 161 -28 -13 -51 63 110 -76 111 32 -28 21 213 28 130 -27 -57 -68 150  -> r
-46 82 56 -144 55 102 -81 99 116 -9 228 8 -95 168 35 24 119 42 -26 184 -47 96 -7 220  -> r
-96 1 310 212 98 86 22 245 322 -70 -72 88 -186 34 94 -82 40 1 98 159 87 91 168 34  -> r
-78 72 168 -84 -47 -48 -19 29 135 235 170 92 -150 43 242 -214 23 41 -94 -10 31 -49 70 202  -> r
101 -114 -95 107 8 318 -34 60 90 -34 -92 153 195 29 229 78 177 127 -44 -59 69 -150 35 11  -> r
173 -34 158 33 38 205 -130 6 147 -204 -2 -74 -124 -34 80 165 34 236 345 144 220 -67 20 198  -> rr
27 137 154 12 101 101 55 145 96 -23 104 143 0 94 55 -209 52 41 -124 35 104 60 101 157  -> r
44 99 328 -104 151 212 -224 14 36 -118 1 103 -44 -2 115 129 190 -22 115 176 131 -27 86 120  -> r
146 52 93 -32 43 250 -269 36 86 -131 -108 -15 89 -25 157 116 216 261 94 -83 61 -114 -33 162  -> r
73 -30 126 -56 52 215 175 -27 40 3 -11 300 -104 -82 94 129 6 232 63 40 321 9 -15 120  -> r
-30 76 85 -22 33 121 57 52 124 79 72 112 -63 76 162 115 97 -17 -77 84 184 -23 -3 8  -> r
2 130 218 -76 -100 240 -127 -1 152 -94 101 262 -60 177 -23 -51 58 66 -22 121 -7 -10 139 27  -> r
67 -158 125 -134 231 100 -28 4 -44 53 -1 152 87 191 156 -44 -9 -26 -216 -32 -36 12 -54 186  -> r
117 10 117 177 28 182 -24 -80 173 -114 -13 64 -4 -44 68 90 42 216 26 143 134 154 -34 9  -> r
71 15 73 209 44 199 66 35 234 -152 -63 10 27 -121 100 6 -4 165 1 22 223 -52 104 2  -> r
58 87 64 -7 62 137 31 89 33 -77 119 106 31 38 56 89 7 138 -170 82 87 87 -39 79  -> r
21 38 152 15 107 128 -94 68 53 -225 108 17 88 -45 205 126 232 141 75 107 -27 -99 10 142  -> r
140 39 127 -109 93 155 -77 -48 40 -38 1 192 20 145 54 197 -115 118 75 188 342 71 10 15  -> r
69 16 216 27 66 342 -138 13 14 -15 -25 238 207 148 177 35 51 184 -145 34 142 -60 9 22  -> r
2 -63 189 -65 -112 232 -132 -31 154 93 -9 351 -10 104 278 -55 24 106 -73 31 248 -201 89 186  -> r
33 174 -24 100 85 123 9 88 -8 -54 42 -7 -155 42 -64 57 -64 137 46 171 49 -25 72 224  -> r
11 -16 101 -162 61 214 125 27 8 162 114 78 -100 185 137 -13 3 -49 -121 -2 0 4 153 203  -> r
-19 -31 244 24 -46 118 93 -18 216 -63 -5 147 7 -14 137 -5 41 158 -46 1 229 7 45 234  -> r
-194 -13 -18 -158 -55 45 55 -66 15 151 122 119 38 38 33 79 33 72 -39 61 49 1 64 18  -> r
-80 166 -60 48 116 -10 -3 162 76 -14 70 -52 -135 23 17 66 31 128 89 136 51 45 26 16  -> r
107 51 196 -112 47 131 -48 27 -17 89 57 231 22 77 78 66 81 55 4 17 125 -58 77 23  -> r
-187 -67 161 270 99 260 -121 17 168 -80 -72 84 19 -79 80 6 111 243 174 102 107 42 91 95  -> r
-81 -41 123 -24 4 182 96 6 215 30 95 276 -55 9 139 -39 26 151 30 90 169 46 144 -13  -> r
-10 6 180 -193 0 137 -139 43 72 14 75 -42 68 174 211 24 7 231 -123 95 -45 -109 0 229  -> r
-86 20 188 133 -30 28 -5 -6 227 19 -23 137 -17 61 64 -68 59 220 1 15 -34 104 -2 61  -> r
-128 123 72 34 -47 121 129 34 195 65 20 227 -203 -6 9 -40 -117 37 6 9 128 92 40 181  -> r
-162 107 53 116 11 182 82 64 95 -39 -67 251 -131 32 101 59 -48 170 84 36 339 153 27 71  -> r
22 25 203 -88 136 122 -52 -53 -48 117 -20 109 96 57 107 80 87 94 -115 22 123 -64 68 171  -> r
15 10 62 -89 205 25 -73 88 89 -94 11 49 -40 46 13 -21 92 200 -8 22 64 16 -31 107  -> r
109 27 184 -75 63 189 -70 9 90 62 49 280 160 26 170 -116 143 89 108 -41 176 -35 146 190  -> r
-28 -26 166 -73 45 321 -90 -23 95 -15 39 329 -2 25 318 -78 83 39 38 64 168 125 99 159  -> r
3 30 102 -64 45 150 46 -77 198 138 171 109 18 109 180 -10 50 -4 -198 138 4 -27 53 80  -> r
-181 -43 57 75 34 -71 8 123 230 -5 40 248 18 -19 -39 -35 21 357 11 26 78 -119 114 250  -> r
-61 67 112 2 -18 135 38 39 169 -33 6 169 -91 0 207 -17 -36 136 -3 56 324 -73 -34 133  -> r
-52 -69 156 104 5 200 134 161 263 43 -50 180 -227 28 235 50 -73 107 42 83 305 45 83 247  -> r
263 -42 238 -70 28 71 -91 36 133 -152 -67 238 -6 23 60 11 110 227 -29 71 140 24 27 201  -> r
-47 -25 217 91 -76 27 16 -17 324 -2 24 236 -177 -54 -74 1 -2 166 66 50 179 38 67 -63  -> r
-137 140 149 -23 -36 -52 -87 51 133 168 -124 115 -11 26 84 6 21 180 -128 -44 83 -83 -27 165  -> r
6 56 181 150 69 182 -178 153 99 -83 -33 35 -2 43 100 17 193 11 16 -46 79 -65 21 135  -> r
2 99 164 6 136 135 83 67 -12 -69 111 170 22 15 192 -82 179 146 -68 -28 98 -118 101 146  -> r
-26 119 118 -158 243 12 91 129 -35 -19 162 -6 -5 163 94 77 61 61 -148 31 234 -206 45 190  -> r
-164 9 191 -77 -34 165 -70 -38 200 21 87 252 64 45 218 -10 100 293 6 172 119 -67 25 148  -> r
-179 20 211 37 -14 277 -73 8 161 -98 -7 163 -134 -22 133 -104 27 42 127 30 303 142 129 275  -> r
-103 -61 143 -139 -9 68 -123 46 126 60 57 211 74 54 193 -19 -22 252 -97 -15 125 -94 -29 144  -> r
-76 37 187 -85 52 6 -31 104 189 -68 164 97 50 52 138 51 57 113 -128 55 288 0 -89 37  -> r
223 76 242 66 -56 129 -73 -45 122 -43 1 85 39 -30 67 45 66 216 59 -4 32 -237 153 69  -> r
124 -5 185 49 79 214 109 -17 169 -62 -58 77 -85 36 232 121 -5 68 -78 80 290 33 -6 104  -> r
57 21 186 19 41 65 103 -58 242 -111 42 176 -72 -71 51 -64 -44 139 155 4 228 89 -15 113  -> r
-45 40 25 7 -98 86 -87 21 193 14 87 29 -31 71 59 30 -150 191 -74 1 82 134 -59 25  -> r
97 47 31 53 61 182 -195 41 -25 -49 -84 119 124 -26 -27 123 28 35 -26 66 112 11 -61 -31  -> r
-30 123 215 108 -7 171 31 45 57 -39 -49 175 31 -52 48 73 -4 136 95 56 171 137 -54 -40  -> r
-37 42 162 -1 30 221 -37 -13 70 -50 41 107 -18 76 95 51 124 35 61 111 150 -41 88 85  -> r
4 -5 76 -153 -195 247 -122 -73 185 74 35 289 -68 98 193 46 -3 143 -62 79 -34 -60 -10 347  -> r
32 37 175 -214 -99 56 -26 -84 66 129 -9 182 74 32 174 43 63 234 -70 -100 92 12 -116 211  -> r
165 -77 9 23 5 261 78 -73 80 26 -38 59 -19 31 188 -71 13 72 63 -110 23 -8 128 353  -> r
-190 -73 237 98 -169 121 -32 -11 197 170 -18 86 46 -2 145 4 -86 85 -48 -19 89 43 -22 43  -> r
200 -76 22 69 69 175 -26 -34 199 51 -70 177 -43 -53 175 -126 34 193 -41 -18 12 -2 3 -31  -> r
-30 2 80 84 101 274 -92 34 109 -226 7 105 14 14 17 159 58 184 127 64 121 -37 5 67  -> r
-30 -25 302 -43 -17 211 -169 -83 146 66 -53 116 53 162 346 114 -6 151 -52 56 208 30 -66 133  -> r
36 -31 176 -57 -24 173 -26 -6 158 -100 2 159 123 -29 147 -1 65 181 64 26 48 13 -46 161  -> r
-147 11 231 -119 -88 -12 -88 13 104 154 -21 118 89 7 198 -21 63 106 -9 7 84 -163 -20 141  -> r
-126 110 25 58 15 62 129 143 239 42 45 105 -197 -16 49 109 -86 106 71 37 261 11 83 65  -> r
46 -12 125 25 -26 120 -144 73 112 29 -104 66 -164 120 350 322 -98 115 -36 103 194 -60 -99 175  -> r
-64 110 189 65 85 205 -73 22 104 -57 21 75 8 2 145 122 28 208 25 71 116 20 51 67  -> r
-34 51 71 165 129 145 0 100 168 -177 16 1 -156 99 98 138 91 -6 4 162 106 8 180 -42  -> r
33 102 151 195 12 103 -156 116 198 -70 -105 62 13 152 116 126 208 188 -176 -37 123 -159 -47 -81  -> r
-47 -10 -57 -48 52 226 167 28 139 34 82 71 -3 60 237 -88 85 88 -72 1 128 32 14 100  -> r
-93 18 211 -54 -55 3 30 -19 124 40 -35 228 -52 38 6 -105 -64 120 41 -33 214 91 79 118  -> r
118 241 113 79 46 5 -141 33 81 71 -20 135 -92 52 86 7 0 111 33 50 172 156 123 82  -> r
10 152 -9 -25 159 -23 -211 118 -51 -108 161 78 145 108 -90 -41 142 72 -50 114 -3 -32 89 -34  -> r
55 130 55 4 59 111 -123 2 68 -84 142 164 58 -41 -81 9 82 396 187 -30 3 -282 51 187  -> r
-159 20 211 41 -26 17 192 184 171 171 128 159 -289 20 59 67 -58 98 5 273 136 87 18 126  -> r
-52 -18 134 -40 33 137 133 65 98 47 21 146 -39 8 73 -96 13 123 45 -120 172 67 -54 260  -> r
94 -113 -70 -145 139 316 90 -3 -107 -161 1 265 106 32 -10 -45 134 22 -2 26 72 109 -44 39  -> r
-31 102 157 167 -52 184 -178 -57 37 -187 51 215 93 -18 -32 175 100 273 79 76 67 -42 -2 56  -> r
-60 105 -100 -39 -75 17 -56 156 74 122 90 -81 20 121 69 -212 8 27 318 -150 77 -37 151 305  -> r
-63 170 133 13 50 25 -38 114 14 -106 25 154 134 152 74 121 33 115 -44 38 42 91 -6 32  -> r
-216 13 62 -29 52 -89 -45 153 88 -9 31 62 43 157 -24 73 142 64 -44 51 29 -195 77 -121  -> r
-86 45 38 6 27 120 5 134 110 137 39 118 -113 120 35 224 -134 129 -218 164 327 146 33 30  -> r
-74 -21 113 -204 -64 96 10 -71 121 132 113 235 154 32 214 -108 -3 -143 -55 71 176 2 62 39  -> r
69 -115 96 32 126 133 120 -20 111 -52 52 116 -63 -41 184 84 90 244 -60 161 43 -135 -45 88  -> r
-32 29 87 289 2 19 -5 157 119 -67 2 126 -137 23 82 -159 75 54 -12 44 147 -66 244 55  -> r
-184 55 140 -54 5 77 -30 66 83 14 17 143 171 -39 97 -27 67 188 -149 41 96 -101 -32 103  -> r
14 -66 229 33 0 186 87 3 176 -65 48 133 -52 -46 152 -124 -50 83 104 -33 259 73 117 140  -> r
22 94 143 137 22 170 -290 55 -35 -125 -55 9 91 72 80 71 52 193 26 -42 252 -57 -71 119  -> r
20 132 -16 -50 206 167 14 94 -16 1 47 19 -45 -1 100 -84 120 73 117 68 73 62 183 134  -> r
8 178 195 -9 40 106 -35 130 9 -103 78 117 -53 123 -11 -29 86 22 -63 213 82 -17 130 16  -> r
-66 -20 73 -120 -16 15 66 -57 27 98 253 175 -26 -123 -29 -154 -64 196 21 -10 95 70 131 238  -> r
-18 -20 108 128 10 220 -51 74 -27 -3 -60 -122 -118 8 177 126 52 -63 157 91 207 52 57 57  -> r
65 95 101 77 81 65 75 59 63 -178 45 71 -41 12 4 34 -26 147 137 61 142 -14 69 31  -> r
-115 88 -87 -150 85 39 -1 129 -31 73 141 67 19 132 84 9 149 -5 -84 -33 56 -74 11 105  -> r
-21 27 154 91 12 63 -22 156 211 -91 17 0 -39 -44 142 -30 70 220 158 139 17 -39 85 282  -> r
-25 -111 216 -129 20 231 -83 22 80 78 25 192 17 67 172 -3 31 121 9 7 199 11 -13 74  -> r
80 -14 148 100 86 152 2 23 108 -130 -38 202 -83 -9 67 0 104 259 85 43 270 3 63 87  -> r
-39 29 41 -26 -17 172 -16 -35 49 -77 1 135 55 27 -26 35 84 61 224 61 148 -54 98 82  -> r
-38 129 153 10 36 52 -145 144 88 -57 51 48 105 -141 232 171 115 24 -12 19 57 19 7 40  -> r
62 -3 122 57 70 222 -22 18 -1 -108 -34 220 -85 25 -8 103 65 242 -45 82 32 64 -187 -61  -> r
79 133 76 120 77 98 -11 129 32 -114 91 54 -59 -66 63 -62 100 51 68 133 83 -45 -35 13  -> r
33 -24 43 -81 101 166 -93 32 47 -50 24 147 -1 112 134 159 231 204 39 135 166 -103 85 58  -> r
-31 90 80 -30 -15 121 -79 0 127 -32 109 121 51 48 297 -118 42 79 -70 23 153 56 86 252  -> r
142 -18 73 -193 42 279 -74 -57 104 -130 -35 208 -67 -39 200 115 45 182 165 63 181 -108 28 137  -> r
-15 149 47 -33 94 -145 -45 34 70 -1 -38 123 71 45 141 36 97 77 29 -78 118 -137 117 46  -> r
3 135 -18 20 -37 114 -68 102 60 79 -91 141 2 161 62 -95 -36 211 -75 117 76 70 1 144  -> r
-47 236 259 -80 183 50 -116 84 42 -124 252 111 -52 169 -3 -29 204 88 4 143 11 -103 164 92  -> r
-62 83 41 62 -62 156 -98 102 319 2 -89 -46 -46 69 304 137 57 182 -74 25 208 -106 -112 301  -> r
56 -7 141 23 34 91 -114 55 249 -133 16 -23 -51 -6 193 68 77 168 52 66 83 -19 16 40  -> r
49 57 9 -5 -47 169 -72 67 19 -60 -20 112 -20 21 153 -5 33 -27 88 -30 195 178 -14 171  -> r
138 63 -25 -54 22 117 -20 -58 -13 -88 66 136 46 45 154 -114 144 126 58 46 -31 -36 125 257  -> r
-114 -35 106 -12 -46 45 41 10 69 71 119 202 14 0 21 -62 22 15 -24 45 15 58 -18 24  -> r
19 -80 3 75 -1 137 -30 48 51 227 -31 23 67 9 143 -125 114 33 61 2 54 -16 -16 32  -> r
144 66 339 80 68 177 22 -3 176 -55 0 74 -100 -61 124 -14 36 52 204 30 183 84 163 25  -> r
30 12 211 131 46 -8 67 -138 265 -123 165 123 -231 -12 -37 43 -67 184 130 121 92 -17 164 21  -> r
-109 103 -32 99 -85 209 -2 64 5 40 -37 99 98 140 155 -31 6 111 -27 104 91 -84 87 161  -> r
87 -32 -25 -13 33 158 125 -30 126 -120 41 67 32 -94 86 95 -5 187 -53 0 98 -7 -74 76  -> r
88 -13 215 48 111 77 100 4 65 -24 82 137 32 31 45 -25 19 143 0 49 58 163 12 105  -> r
60 215 350 101 -15 -162 -72 123 213 -30 77 34 -55 103 214 -64 142 22 -92 76 16 -25 82 -6  -> r
-126 312 273 12 -140 56 -201 -36 153 -25 0 202 -16 50 163 67 -12 196 -19 49 149 -93 -58 282  -> r
-41 81 -2 147 3 4 0 142 192 -4 -76 35 -80 60 146 122 27 78 -186 62 49 55 -95 7  -> r
-6 76 80 -37 77 138 79 129 237 24 120 108 -30 74 69 20 40 144 5 27 227 -6 74 234  -> r
37 17 248 -5 104 53 27 49 135 -97 38 162 -92 106 157 -103 78 68 -38 126 93 43 35 171  -> r
-98 4 59 143 -43 33 -26 49 280 -109 -92 127 61 83 192 -11 -139 255 -211 13 263 107 -33 161  -> r
161 -96 236 20 90 174 32 4 147 17 -9 118 -104 22 134 115 1 150 8 70 260 -169 -27 107  -> r
70 6 229 118 10 227 -43 50 149 -108 -58 110 -7 -57 225 44 107 225 170 5 177 -111 3 76  -> r
12 -3 36 -72 43 97 -25 50 26 -43 9 88 17 85 32 6 10 40 -54 1 132 -43 57 -34  -> r
-234 51 -6 118 -211 22 -99 241 85 186 -161 102 -156 209 305 166 -175 -148 -71 91 179 -1 -43 52  -> r
-59 44 123 -33 87 71 39 41 108 -11 82 15 0 0 51 -73 -9 100 98 -25 83 -47 59 126  -> r
4 -7 271 25 55 198 -16 -3 188 -5 8 152 -78 92 137 61 124 14 50 87 106 -31 129 91  -> r
-104 -132 148 -179 -44 119 66 73 126 136 63 276 45 80 150 -148 -20 168 -177 -6 23 55 43 304  -> r
-224 277 260 58 -41 -2 -20 202 306 66 83 81 73 155 78 -134 100 101 -127 45 125 18 36 66  -> r
-43 -17 5 -46 -109 227 -40 4 152 244 -32 389 -8 -44 91 -216 -62 308 -84 -74 93 62 65 291  -> r
47 -57 191 27 13 192 -120 -2 102 -77 -149 -17 -116 177 472 246 -69 25 -5 97 247 -82 -56 146  -> ss
-478 421 400 -398 290 387 -378 388 365 -318 279 467 -340 304 415 -287 287 414 -299 245 349 -281 169 406  -> s
-94 -194 139 -112 -205 210 -57 -314 209 -89 -264 284 -15 -154 406 -36 -140 229 -27 -205 297 -82 -279 233  -> n
-283 -105 178 -492 1 621 -323 -467 889 -258 191 516 -319 518 132 -65 252 445 -147 96 385 -38 -45 298  -> n
-197 -298 538 -387 -207 616 -284 -266 524 -307 -250 532 -311 -407 563 -251 -408 548 -413 -248 409 -391 -294 411  -> n
