22 40 -59 19 38 -54 31 38 -57 33 38 -47 42 39 -49 20 62 -66 16 58 -73 5 49 -57  -> n
-90 -78 226 -107 -85 216 -72 -40 233 -78 -4 255 -26 -2 272 -30 4 295 -96 -83 252 -130 -78 246  -> n
-79 -337 325 -111 -156 300 -104 -160 308 -98 -144 242 -158 -187 344 -102 -191 306 -146 -203 307 -183 -291 300  -> l
-143 -190 311 -127 -176 328 -71 -138 286 -119 -158 289 -159 -239 299 -172 -142 365 -177 -154 318 -176 -101 199  -> l
-78 -220 114 -115 -237 215 -91 -326 254 -76 -228 199 -104 -300 215 -124 -288 192 -65 -316 245 -88 -305 207  -> l
-79 -183 125 -111 -251 200 -20 -329 327 -29 -202 152 -150 -358 242 -194 -246 195 -103 -250 127 -34 -462 302  -> l
-144 -350 317 -175 -37 328 -117 -319 227 -73 -283 268 -73 -417 226 -117 -303 408 -236 -182 128 -127 -297 237  -> l
-79 -168 374 -143 -182 242 -227 -260 161 -191 -193 188 -53 -121 255 -9 -164 267 43 -298 296 48 -220 259  -> l
-166 -219 226 -177 -140 237 -109 -346 296 2 -269 113 -70 -297 146 -102 -180 161 -16 -173 343 114 -175 270  -> l
-171 -278 174 -129 -355 246 -43 -216 280 -128 -262 381 -191 -165 158 -160 -328 199 -68 -214 184 -25 -181 175  -> l
-82 -216 188 -203 -341 155 -229 -383 247 -27 -118 223 -128 -334 314 -157 -275 172 -178 -224 84 -185 -425 352  -> l
-191 -302 282 -93 -276 330 -57 -291 277 -37 -298 320 54 -280 301 -203 -182 172 -242 -259 266 -66 -208 307  -> l
-215 -169 144 -26 -297 339 170 -253 327 -114 -333 190 -76 -330 262 -128 -205 235 -148 -314 147 -162 -428 243  -> l
-143 -254 245 -127 -237 204 -53 -240 213 -108 -285 233 -52 -245 216 -74 -172 143 -116 -326 253 -77 -282 245  -> l
-308 -268 108 -41 -364 374 -104 -171 187 -100 -383 319 -215 -283 203 -146 -221 196 -165 -209 191 -198 -423 252  -> l
-196 -417 217 -72 -109 215 -24 -440 231 -100 -209 258 -180 -294 368 -160 -133 181 -206 -332 295 -67 -307 268  -> l
-128 -176 308 -31 -389 183 17 -188 396 22 -152 340 -173 -311 275 -340 -241 245 -160 -267 290 77 -238 397  -> l
72 -255 425 -47 -271 218 -201 -196 254 -124 -135 135 -10 -218 290 -24 -200 298 9 -235 237 -103 -250 306  -> l
-16 -285 311 -145 -447 138 -69 -309 355 -68 -270 275 -143 -276 166 -168 -301 142 -23 -384 327 -161 -344 225  -> l
-112 -242 217 -134 -132 387 -140 -232 296 -192 -250 289 -190 -342 407 -138 -251 299 -171 -163 258 -166 -374 322  -> l
-119 -380 320 -131 -255 279 -145 -275 404 -58 -408 370 -152 -247 205 -215 -288 199 -120 -229 177 -110 18 208  -> l
-183 -273 217 -164 -277 214 -159 -181 404 60 -147 321 131 -512 414 -108 -222 174 -330 -68 159 -120 -316 264  -> l
-104 -314 214 6 -229 263 -41 -172 392 -99 -224 303 -127 -263 229 -197 -363 276 -145 -253 308 -110 -318 180  -> l
-64 -268 365 -96 -233 337 -168 -385 322 -146 -251 339 -183 -332 249 -181 -191 298 -112 -205 244 -118 -400 363  -> l
-24 -397 392 -175 -171 282 -151 -312 318 -147 -107 231 -158 -371 202 -120 -213 171 -70 -163 362 -162 -284 291  -> l
-226 -275 181 -93 -170 190 133 -103 353 -93 -425 292 -195 -215 186 -89 -99 332 -12 -385 380 -7 -37 132  -> l
-101 -342 306 -62 -339 349 -96 -226 270 -287 -201 220 -181 -237 231 -103 -248 184 -75 -316 300 8 -191 357  -> l
-1 -455 270 -37 -308 339 -97 -191 305 -189 -74 376 -202 -357 313 -241 -244 107 -130 -191 392 -31 -187 371  -> l
-142 -277 283 -270 -217 134 -11 -396 511 -10 -199 219 -279 -306 176 -380 -201 239 51 -182 438 178 1 406  -> l
-16 -163 266 -166 -341 327 -124 -183 226 10 -396 406 -27 -125 347 -130 -291 301 -117 -249 336 -247 -351 268  -> l
-105 -275 191 -102 -288 182 -101 -319 149 -103 -213 201 -127 -341 320 27 -177 259 -204 -266 128 -210 -545 401  -> l
-177 -296 267 -206 -148 116 -52 -402 420 61 -108 273 -116 -311 269 -174 -397 335 -142 -127 161 -116 -267 314  -> l
-82 -319 416 -140 -204 231 -111 -253 209 -255 -316 249 -223 -392 362 -59 -220 253 -111 -316 351 -137 -256 281  -> l
-262 -287 216 29 -272 495 -37 -306 435 -249 -281 177 -177 -355 344 0 -262 351 -145 -249 164 -158 -363 415  -> l
-91 -233 167 -59 -202 215 -142 -190 181 -113 -277 219 -116 -209 254 -64 -277 371 -134 -270 295 -168 -383 358  -> l
-204 -344 155 -235 -198 167 -192 -200 122 -44 -422 253 6 -151 209 -49 -198 119 -179 -340 260 -153 -319 271  -> l
-107 -237 310 -121 -370 340 -170 -185 156 -223 -344 307 -86 -154 366 -226 -344 297 -120 -217 264 -72 -268 388  -> l
-22 -217 144 -32 -260 313 -28 -247 305 -88 -308 263 -112 -143 178 -191 -403 187 37 -250 409 -73 -255 168  -> l
-199 -155 215 -128 -261 332 59 -277 214 39 -241 225 -141 -81 187 -149 -370 224 -40 -145 171 -19 -149 138  -> l
-271 -237 237 -117 -198 272 60 -132 346 -36 -357 402 -216 -255 328 -285 -257 173 -189 -208 238 -161 -98 116  -> l
-146 -245 258 -146 -478 301 -108 -175 278 -182 -257 348 -75 -408 246 -160 -179 287 -158 -358 290 -161 -381 301  -> l
-208 -361 244 -11 -113 187 25 -151 180 37 -242 307 -34 -253 240 -217 -204 268 -208 -194 250 -130 -348 402  -> l
-171 -294 243 -129 -203 186 -111 -272 168 -99 -258 201 9 -291 247 31 -259 118 -49 -204 117 -126 -283 280  -> l
-85 -314 192 -89 -313 257 -81 -292 233 -105 -352 218 -85 -283 221 -100 -279 113 -171 -271 131 -30 -294 256  -> l
-148 -308 199 -43 -112 313 -91 -274 145 -175 -278 159 68 -105 280 -76 -293 314 -174 -248 261 -239 -192 163  -> l
-54 -346 380 -6 -213 210 -165 -240 182 -167 -278 207 -48 23 314 -49 -436 333 140 -128 422 -94 -151 113  -> l
-232 -290 152 -129 -234 200 41 -186 186 14 -223 172 71 -257 244 -101 -133 126 -176 -190 115 -49 -217 184  -> l
-98 -219 244 -120 -272 296 -198 -244 234 -58 -269 332 -127 -192 248 -54 -289 159 -78 -338 181 -95 -260 200  -> l
-81 -311 256 -68 -253 198 -96 -281 232 -136 -222 221 -153 -358 368 -125 -292 247 -228 -348 324 -40 -337 353  -> l
-74 -356 333 -227 -245 198 -173 -236 204 -131 -272 209 62 -185 241 33 -382 318 13 -205 255 -195 -204 210  -> l
-73 -227 262 -73 -173 111 -45 -347 284 -101 -275 196 -162 -261 135 -158 -209 178 -34 -260 237 92 -267 257  -> l
-112 -264 172 -83 -249 224 -32 -178 138 -27 -192 241 -109 -200 172 -89 -252 177 -115 -259 179 -81 -336 201  -> l
-22 -286 288 -187 -242 252 -255 -119 193 -207 -217 205 39 -297 219 -68 -131 246 -132 -220 292 -28 -86 291  -> l
-36 -234 228 -80 -244 294 -151 -192 273 -268 -377 290 -47 -182 320 -156 -300 320 -209 -303 275 -116 -283 211  -> l
-193 -351 333 -90 -185 266 -65 -306 332 -146 -281 268 -78 -169 183 -71 -205 370 -175 -425 445 -55 -233 298  -> l
-129 -242 119 -67 -319 138 -4 -367 250 45 -285 138 -47 -316 202 -38 -126 164 -207 -150 140 -133 -365 227  -> l
80 -274 235 -13 -259 216 -99 -231 62 -196 -292 208 -130 -273 157 -181 -243 143 10 -248 256 -11 -333 249  -> l
-84 -345 326 -148 -243 223 -143 -276 233 -47 -229 346 -193 -339 228 -104 -294 266 -62 -304 286 -126 -337 252  -> l
-43 -343 236 17 -268 177 -71 -263 161 -42 -426 293 -52 -155 290 -173 -286 70 -117 -514 383 -57 -67 278  -> l
-63 -261 273 -40 -138 201 -67 -145 250 -49 -343 281 -30 -263 237 -102 -211 168 -142 -330 283 -150 -114 208  -> l
-207 -315 238 -131 -181 283 -153 -298 365 -155 -259 183 -131 -461 327 -200 -146 88 -156 -319 201 -51 -154 236  -> l
-157 -474 387 -54 -23 263 -214 -392 307 -46 -219 366 -137 -336 192 -75 -224 294 -168 -251 326 -101 -239 280  -> l
-128 -347 288 -163 -264 208 -233 -391 199 -132 -181 138 -103 -374 287 -30 -306 240 -100 -352 260 -94 -189 321  -> l
-239 -341 227 -3 -115 184 4 -285 192 -61 -246 212 -83 -222 177 -97 -239 155 -48 -370 290 13 -200 239  -> l
-46 -254 151 -87 -263 159 -30 -286 210 -34 -237 188 -202 -256 201 -2 -216 183 -59 -224 190 -104 -332 175  -> l
-191 -213 170 -79 -230 310 -17 -251 251 -106 -412 169 -102 -213 158 -144 -234 166 -50 -323 345 -102 -209 170  -> l
-93 -312 235 -20 -110 237 -78 -409 212 -104 -247 247 -100 -238 248 -99 -285 268 -105 -311 271 -164 -190 167  -> l
0 -270 478 -180 -252 240 -223 -153 99 -61 -377 536 -162 -209 276 -4 -206 169 -143 -355 446 -127 -371 333  -> l
