-4 90 272 -27 106 293 -33 113 265 -43 123 272 -49 148 271 -52 148 273 -35 179 287 -31 181 251  -> n
-18 82 186 -26 73 184 -28 53 179 -30 53 177 -32 50 191 -32 -19 178 43 29 173 78 37 89  -> n
-56 -188 403 -37 -190 388 -19 -158 379 12 -198 334 -3 -198 350 -52 -174 392 -14 -148 403 -5 -133 406  -> l
10 -78 383 92 -59 279 57 -29 227 -29 -173 359 -150 -189 279 -118 -199 344 -4 -189 304 38 -245 312  -> l
-151 -316 439 -100 -330 446 175 -84 246 148 10 195 98 -53 318 -1 -166 429 -125 -312 238 -119 -222 185  -> l
67 -172 299 -39 -121 278 -60 -218 357 -3 -256 350 -56 -265 269 18 -306 352 -68 -175 283 -19 -203 302  -> l
18 -166 302 -9 -202 370 -45 -211 360 -39 -147 400 147 -391 528 -65 -105 351 -6 -283 403 -18 -264 376  -> l
-41 -108 492 -3 -189 393 61 -136 394 17 -215 352 -36 -243 431 -166 41 248 10 -101 239 59 -142 323  -> l
-23 -216 400 -128 -150 322 101 -221 419 138 -215 421 34 -178 404 -57 -210 397 -52 -204 364 -60 -121 301  -> l
37 -238 331 34 -269 326 -10 -214 252 3 -270 304 -14 -196 244 -31 -125 251 137 -496 468 70 -100 237  -> l
113 -169 474 40 -258 420 -43 -116 376 -51 -316 435 -130 -226 414 126 -360 455 28 -170 413 -66 -319 357  -> l
-120 -412 363 92 -281 371 45 -179 354 60 -241 495 2 -150 369 11 -319 400 -21 -121 382 -25 -153 263  -> l
92 -285 339 57 20 388 50 -151 318 -14 -224 248 54 -214 285 196 -223 384 -2 -30 252 -66 -180 348  -> l
-45 -162 370 75 -182 450 59 -249 263 -6 -189 324 -4 -358 347 -26 -181 241 0 -143 424 -59 -162 242  -> l
-30 -157 288 -4 -254 319 17 -231 388 125 -112 396 6 -212 435 -75 -356 407 -44 -101 452 31 -98 480  -> l
264 -87 467 24 -177 362 -32 -359 291 -82 -99 174 70 -111 346 -11 -156 328 -40 -203 385 81 -355 450  -> l
60 -260 368 98 -112 301 147 -182 346 46 -178 376 -46 -313 349 18 -224 341 -33 -210 355 15 -226 273  -> l
7 -295 266 57 -207 286 93 -252 334 -103 -119 244 -49 -272 306 48 -285 334 -20 -248 326 -46 -252 283  -> l
-115 -179 243 112 -201 401 19 -181 286 85 -290 354 -16 -260 294 -63 -122 334 -99 -175 255 133 -206 360  -> l
-7 -220 381 -187 -145 289 -32 -182 349 121 -270 383 153 -49 396 180 -318 398 -60 87 246 -35 -105 277  -> l
-106 -147 232 46 -241 372 94 -312 451 43 -37 329 -34 -159 348 28 -370 315 83 -72 181 147 -19 387  -> l
45 -212 399 33 -162 385 -31 -286 371 -73 -305 358 -29 -342 430 -75 -24 249 101 -245 461 -8 -321 252  -> l
180 -482 504 -135 -74 155 -60 -174 214 23 -552 418 183 -182 390 24 -187 230 -71 -262 380 -21 -297 330  -> l
96 -245 410 -27 -266 418 43 -390 503 108 24 437 -9 -176 411 -214 -329 344 -54 -342 527 19 -180 388  -> l
-30 -318 401 124 -238 398 -20 -300 420 -149 -274 279 -59 -198 318 -12 -239 311 115 -227 302 53 -358 336  -> l
9 -104 287 45 -96 278 44 -202 312 -162 -102 168 173 -408 549 100 -110 275 -2 -326 415 -132 -137 326  -> l
245 -272 412 -20 -166 288 -276 -251 246 -85 -239 99 265 -237 326 90 -100 270 143 -333 310 -3 -246 357  -> l
197 -456 354 212 -319 248 -40 -235 319 -199 -103 209 108 -512 454 -33 115 123 151 -218 382 -49 -324 435  -> l
90 -170 354 73 -249 237 -12 -280 258 80 -182 424 88 -253 425 68 -150 323 -75 -237 470 -26 -218 383  -> l
48 -376 199 155 -195 304 90 -224 275 -91 -288 124 -74 -316 294 -49 -95 370 -53 -254 211 119 -316 289  -> l
20 -186 286 124 -180 305 -19 -88 258 6 -380 270 0 -207 275 83 -102 311 128 -326 354 20 -196 271  -> l
157 -247 351 -61 -417 266 20 -401 406 45 -91 366 -72 -259 294 -53 -287 344 37 -288 294 91 -185 273  -> l
-40 -173 270 16 -382 344 58 -147 355 44 -332 428 -30 -253 348 -83 -212 360 -32 -226 331 8 -290 326  -> l
58 -246 376 -45 -146 344 44 -286 385 36 -253 338 19 -159 369 -10 -375 456 62 -301 448 -11 -128 355  -> l
-240 -108 137 -11 -236 164 132 -400 571 49 -242 198 -24 -265 353 3 -251 308 -11 -315 375 20 -256 340  -> l
12 -343 403 -67 -244 241 3 -328 285 -101 -278 206 141 -364 379 60 -345 292 -4 -414 367 -197 -237 353  -> l
57 -218 301 -60 -270 242 13 -501 423 -30 -221 192 20 -272 296 64 -225 325 115 -192 261 11 -186 206  -> l
8 -289 321 -189 -266 208 -86 -434 393 61 -292 376 -58 -135 279 13 -409 455 131 -161 338 -27 -423 411  -> l
-65 -387 349 5 -183 288 -33 -238 265 16 -269 346 102 -148 302 18 -350 440 -117 -98 260 -57 -375 384  -> l
-68 -351 369 -32 -152 293 171 -318 442 42 -257 332 -96 -188 235 69 -315 423 -30 -200 320 19 -301 384  -> l
73 -284 369 84 -327 343 32 -164 309 -71 -239 240 -21 -261 324 -51 -208 398 -35 -194 245 55 -377 406  -> l
2 -141 337 -81 -142 319 121 -495 389 130 -71 462 -30 -166 224 -40 -426 262 -25 -313 340 -35 -189 282  -> l
154 -452 463 -40 -110 357 -43 -137 322 -58 -283 316 -26 -304 324 -21 -123 320 67 -247 293 102 -192 396  -> l
-39 -313 362 -59 -338 238 12 -127 305 56 -77 248 265 -401 274 10 -88 260 -53 -164 268 -216 -218 184  -> l
143 -190 417 -43 -256 373 -191 -190 221 -24 -129 363 5 -248 183 220 -283 307 107 -51 261 143 -238 275  -> l
-168 -211 421 0 -289 452 85 -299 469 -32 -216 275 -139 -252 302 -49 -203 329 -5 -201 302 119 -224 329  -> l
-100 -139 220 -160 -196 288 82 -343 458 42 -107 312 44 -229 344 -39 -48 249 77 -228 363 -52 -190 316  -> l
31 -253 302 -20 -277 356 -111 -243 328 -51 -169 280 104 -318 411 92 4 268 -68 -377 367 -33 -195 255  -> l
49 -143 368 -63 -138 362 -266 -173 264 6 -464 607 167 -106 293 -177 -184 306 -54 -186 403 7 -306 277  -> l
223 -47 242 176 -267 363 -232 -121 302 -12 -241 342 -51 -283 344 196 -386 499 1 -165 207 104 -338 274  -> l
83 -194 287 49 -299 346 -138 -158 231 -38 -270 249 143 -269 364 -14 -127 251 8 -248 330 -37 -223 166  -> l
75 -322 268 30 -251 272 -67 -200 303 -61 -244 241 56 -176 429 77 -267 298 33 -302 350 -62 -224 317  -> l
-99 -211 342 1 -180 297 49 -28 379 30 -130 272 18 -234 297 -53 -186 328 158 -212 422 138 -225 455  -> l
88 -325 517 89 46 233 39 -378 425 69 -379 514 -129 43 356 -108 -257 379 156 -466 460 4 9 268  -> l
165 -330 396 -43 -141 306 -104 -178 335 -30 -226 228 -20 -183 234 -39 -136 286 28 -217 280 107 -65 361  -> l
21 -187 261 0 -265 311 50 -266 339 5 -119 259 -49 -247 334 1 -174 303 -57 -160 308 -2 -137 317  -> l
64 -135 327 101 -181 399 -63 -216 353 -13 -225 328 -32 -199 281 81 -338 384 -34 -236 300 2 -373 443  -> l
185 -344 498 69 -16 250 29 -300 395 -10 -254 377 -66 -22 303 -81 -254 334 25 -194 447 89 -140 292  -> l
55 -150 315 175 -239 411 10 -144 406 -236 -91 277 100 -300 389 69 -253 448 8 -143 298 1 -354 410  -> l
97 -162 331 82 -236 262 -47 -265 257 -143 -218 339 -4 -243 351 22 -159 270 47 -277 304 -53 -87 224  -> l
105 -304 383 -26 -151 300 116 -346 447 -38 -225 232 -146 -93 264 71 -459 298 -13 -64 322 -27 -248 299  -> l
-30 -244 373 78 -329 395 97 -302 606 31 -68 403 -103 -190 349 -121 -350 345 50 -258 465 60 -160 371  -> l
-160 -183 285 24 -415 404 136 -309 398 210 -309 422 -66 -80 288 -53 -332 284 -143 -104 241 89 -211 419  -> l
-35 -329 310 -130 -216 336 -142 -84 262 -7 -250 313 111 -303 305 59 -100 302 -56 -163 252 -89 -252 337  -> l
-2 -169 307 106 -251 294 -62 -470 413 -183 -157 259 -71 -27 300 50 -273 253 139 -309 261 39 -190 386  -> l
65 -340 384 60 -200 324 -14 -327 336 -42 -307 392 -33 -275 282 40 -326 377 -71 -199 401 -105 -233 263  -> l
-47 -194 382 20 -291 417 1 -160 411 -9 -311 407 159 -173 452 -51 -258 428 -44 -169 322 1 -246 491  -> l
-138 -275 449 27 -79 386 79 -277 428 123 -354 514 62 -98 378 -180 -296 288 -109 -186 334 -18 -389 495  -> l
-39 -80 379 45 -84 262 -12 -292 243 85 -140 337 -31 -90 146 4 -191 368 35 -207 306 -11 -104 288  -> l
18 -88 240 -12 -225 366 -4 -264 327 -15 -104 331 -71 -263 359 -43 -89 278 92 -178 324 34 -280 292  -> l
143 -278 382 60 -151 355 -56 -249 340 -56 -131 457 14 -266 507 -18 -374 436 -97 -279 397 -65 -278 422  -> l
-21 -258 375 34 -240 485 -30 -211 258 -57 -198 306 53 -277 497 18 -88 287 -8 -187 357 -53 -333 479  -> l
-3 -89 274 78 -213 424 26 -216 357 89 -207 386 -40 -156 295 -65 -381 472 1 -115 291 29 -186 399  -> l
52 -265 375 -66 -56 189 15 -329 339 -62 -164 243 17 -196 270 30 -207 305 26 -270 360 -70 -62 246  -> l
-42 -98 102 76 -484 401 85 -183 360 -46 1 231 -32 -352 408 86 -347 473 -81 -103 283 -11 -390 434  -> l
134 -224 340 -90 -264 450 -238 -195 281 -56 -236 261 164 -287 460 95 -211 283 -23 -232 423 -97 -317 308  -> l
-54 -229 498 82 -141 402 -61 -183 412 -142 -247 423 42 -217 417 111 -178 444 -80 -196 459 -45 -221 314  -> l
94 -349 456 44 -260 372 34 -341 561 -62 -238 461 -82 -189 411 0 -185 415 -32 -321 359 59 -326 378  -> l
-23 -118 282 64 -298 343 33 -131 312 -47 -155 275 10 -211 339 46 -184 309 -26 -195 344 17 -246 360  -> l
151 -85 420 -114 -242 364 -135 -283 451 47 -427 487 -11 -221 385 -21 -227 401 31 -273 437 -43 -160 328  -> l
55 -295 396 1 -216 411 -227 -251 244 -60 -241 385 -10 -172 325 83 -196 322 16 -216 339 -52 -233 259  -> l
18 -176 331 60 -174 281 -45 -63 216 -62 -278 268 28 -140 329 111 -170 349 133 -194 374 71 -193 398  -> l
80 -223 231 -125 -123 272 -2 -193 287 79 -225 405 118 -119 355 24 -234 308 -68 -304 310 -82 -161 272  -> l
64 -423 460 154 22 300 -85 -241 399 -107 -219 360 -53 -186 459 34 -331 497 -20 -198 401 -38 -317 412  -> l
67 -259 417 -47 -241 359 -112 -285 348 -110 -220 268 67 -320 359 48 -186 325 -79 -205 328 23 -213 288  -> l
-66 -233 413 -71 -265 393 52 -244 285 49 -184 190 84 -148 288 -75 -183 349 -15 -161 275 4 -142 267  -> l
162 -285 353 -11 -165 260 -97 -164 236 13 -216 305 48 -221 419 -37 -51 246 28 -314 457 -16 -269 405  -> l
54 -273 328 -59 -244 243 45 -220 270 15 -262 254 -29 -136 217 88 -88 229 7 -170 254 36 -236 386  -> l
-71 -115 195 83 -129 282 111 -97 269 275 -137 228 38 -143 196 -186 -98 260 -59 -199 330 21 -82 245  -> l
59 -99 326 186 -91 380 0 -265 373 -53 -148 501 20 -314 442 137 -252 422 58 -251 434 0 -216 343  -> l
70 -49 219 130 -291 429 -25 -88 232 -66 -89 227 146 -234 409 67 -107 173 71 -324 384 -95 -151 386  -> l
174 -508 459 71 -268 281 -42 -49 252 -44 -193 324 49 -231 384 74 -186 295 50 -207 307 -18 -105 219  -> l
9 -285 366 -131 -248 356 -78 -270 293 137 -302 379 2 -153 319 -45 -284 203 -27 -132 342 16 -170 288  -> l
88 -215 457 34 -441 464 -165 -291 460 -103 -343 507 -22 -181 289 152 -453 408 53 -267 339 -98 -243 385  -> l
112 -190 415 -32 -294 216 -55 -301 277 -20 -347 397 54 -169 346 -81 -168 266 -79 -296 356 -75 -289 318  -> l
-91 -219 251 -12 -273 411 0 -193 231 -36 -190 308 43 -246 247 72 -176 316 87 -344 372 107 -296 417  -> l
71 -550 408 84 -323 380 -75 -133 266 1 -400 324 -14 -391 255 -5 -146 299 -48 -407 369 -44 -313 355  -> l
-90 -188 226 -12 -335 332 -77 -221 316 247 -255 362 3 -282 260 -161 -280 253 -152 -325 421 70 -280 481  -> l
-153 -277 334 51 -236 382 109 -146 368 82 -200 275 47 -126 318 93 -239 469 -80 -60 327 43 -423 373  -> l
-339 -98 231 -67 -225 327 154 -136 256 85 -235 326 -31 -231 236 -33 -97 331 111 -181 347 249 -209 327  -> l
57 -296 264 51 -335 536 -44 -156 318 -61 -101 404 -33 -404 423 -49 -257 428 12 -241 350 87 -365 327  -> l
-27 -335 292 -82 -309 279 -29 -340 328 -11 -370 240 -37 -334 347 -77 -272 240 -21 -494 342 -36 -277 282  -> l
-53 -188 359 29 -294 447 -77 -32 329 -133 -379 475 67 -289 448 82 -153 261 108 -342 547 -114 -400 580  -> l
29 -223 366 17 -245 359 -77 -165 414 9 -308 387 107 -406 402 -39 -264 347 -90 -259 310 -86 -275 330  -> l
142 -156 340 42 -10 326 -63 -42 333 67 -210 345 87 -182 278 21 -76 219 78 -277 360 3 -16 346  -> l
-28 -412 310 81 -337 418 -100 -175 285 5 -356 534 -113 -141 248 114 -267 337 117 -220 301 -47 -218 179  -> l
8 -286 364 69 -306 433 71 -150 430 -98 -266 312 -29 -266 470 25 -191 425 120 -384 576 72 -370 551  -> l
44 -51 403 -188 -303 503 -138 -187 368 -25 -267 509 3 -218 390 91 -178 452 42 -167 411 -163 -312 462  -> l
-53 -154 227 10 -182 434 -6 -124 379 -28 -189 358 -17 -143 353 91 -215 419 46 -141 351 58 -249 449  -> l
-14 -289 283 4 -193 226 77 -194 330 -42 -176 238 99 -205 425 76 -341 279 -48 -183 260 -89 -227 256  -> l
-30 -188 289 -58 -239 393 -137 -246 274 19 -182 359 28 -328 395 83 -263 350 24 -265 393 -32 -174 252  -> l
103 -270 392 34 -253 271 0 -201 343 -37 -227 340 -46 -359 409 23 -228 355 49 -248 457 -52 -111 314  -> l
154 -216 441 80 -282 385 27 -353 392 -24 -355 380 -88 -223 182 52 -349 474 -24 -112 231 15 -194 280  -> l
-33 -245 349 -20 -227 289 11 -276 306 -1 -247 294 -18 -262 303 -17 -98 229 -56 -209 268 13 -169 271  -> l
-24 -259 396 -75 -64 305 118 -355 388 3 -35 259 -78 -207 271 -124 -135 271 47 -165 363 -35 -139 298  -> l
120 -345 368 -24 -177 359 -47 -261 393 -70 -177 346 217 -253 520 100 -74 382 28 -393 298 -256 -211 338  -> l
175 -225 422 118 -244 363 -188 -252 363 -206 -117 352 29 -196 404 79 -232 361 164 -221 383 -60 -210 275  -> l
33 -230 296 138 -331 353 -20 -128 270 -8 -194 360 36 -318 326 148 -268 464 -91 -213 364 -148 -242 341  -> l
100 -335 498 -73 -310 380 -140 -234 428 -31 -239 345 171 -122 386 95 -485 471 -64 -131 328 -91 -202 379  -> l
-146 -288 260 55 -114 366 130 -163 281 55 -137 336 20 -190 377 -4 -218 450 -21 -166 369 24 -260 469  -> l
176 -121 395 35 -85 318 23 -74 234 90 -278 337 51 -179 381 -11 -168 341 -47 -206 332 67 -137 312  -> l
11 -158 408 -66 -304 488 -162 -93 301 -57 -233 438 12 -313 370 31 -191 320 60 -375 383 -10 -246 346  -> l
-59 -323 340 11 -228 333 92 -164 279 30 -206 340 -58 -223 313 13 -215 449 -11 -166 329 -41 -257 441  -> l
-153 -215 336 -70 -228 329 154 -256 418 140 -257 398 -63 -190 398 -237 -55 296 2 -297 465 135 -126 346  -> l
90 -2 333 -20 -118 201 86 -173 293 74 -52 345 -6 -191 289 143 -29 348 13 -31 279 -29 -232 294  -> l
1 -275 404 -5 -216 403 20 -284 381 -6 -333 429 -104 -218 371 -3 -316 477 8 -243 349 -46 -249 324  -> l
55 -204 373 36 -248 280 -42 -217 253 10 -208 299 40 -224 294 -56 -126 263 66 -221 323 146 -162 374  -> l
-12 -210 319 129 -248 428 155 -210 406 -81 -196 397 -167 -217 351 -70 -211 328 59 -206 331 114 -260 333  -> l
34 -180 328 76 -142 289 63 -82 315 -94 -192 200 -59 -180 340 29 -125 293 125 -281 398 177 -222 442  -> l
-25 -191 370 -75 -173 329 33 -261 309 43 -241 428 9 -192 302 -44 -132 272 53 -264 373 -35 -125 365  -> l
86 -256 352 -158 -167 365 -21 -310 472 37 -189 369 60 -225 433 -24 -336 345 -135 -203 330 -71 -248 462  -> l
-22 -192 360 31 -229 401 67 -191 384 -67 -284 432 -73 -140 309 -11 -263 376 104 -203 443 58 -227 333  -> l
-9 -78 348 162 -318 335 147 -89 349 100 -235 362 -142 -276 408 -72 -148 412 96 -283 493 62 -118 348  -> l
74 -204 472 69 -62 257 48 -88 434 35 -321 336 21 -172 207 42 -344 345 1 -147 315 -43 -243 290  -> l
-46 -315 381 -39 -292 432 -36 -256 465 -20 -194 426 -75 -140 361 -65 -313 433 -68 -215 349 29 -294 393  -> l
-100 -267 362 24 -119 403 43 -245 459 -3 -237 365 -58 -199 402 128 -214 462 -31 -130 443 -104 -249 308  -> l
-32 -141 305 54 -215 351 -27 -173 329 -4 -155 288 -17 -166 271 147 -221 385 103 -116 334 86 -302 413  -> l
125 -305 409 -9 -161 302 -65 -201 318 -18 -244 362 121 -251 418 -16 -267 362 -34 -300 373 0 -194 276  -> l
5 -267 206 135 -352 326 -71 -109 166 -77 -196 295 -93 -186 249 67 -373 394 45 -263 374 -136 -169 226  -> l
-63 -247 309 -81 -347 427 -37 -303 447 -144 -281 404 46 -301 430 43 -272 376 -58 -119 276 -32 -336 329  -> l
-26 -198 343 42 -324 299 -123 -118 387 -3 -147 342 56 -202 417 153 -190 427 -144 -134 343 -87 -180 405  -> l
-24 -302 403 66 -79 325 -49 -323 296 -212 -157 293 90 -281 317 160 -186 414 130 -338 481 -175 -52 382  -> l
14 -225 301 -1 -260 312 13 -295 426 -56 -134 289 150 -333 448 -4 -133 379 -56 -302 470 -90 -194 308  -> l
-6 -235 354 -81 -176 294 115 -349 289 42 -243 322 -137 -209 281 -11 -324 292 17 -136 369 -13 -210 312  -> l
27 -255 371 -9 -188 377 -66 -143 285 162 -176 428 46 -299 457 22 -93 285 19 -167 419 -75 -236 366  -> l
182 -285 470 -73 -261 255 -101 -159 332 45 -354 338 -13 -123 284 51 -323 380 -32 -164 278 -159 -165 313  -> l
157 -239 409 21 -178 384 -81 -211 365 -44 -230 400 -104 -213 337 19 -296 436 135 -214 364 34 -143 552  -> l
139 -66 304 67 -285 333 26 -96 297 -67 -337 413 -119 -17 295 77 -362 495 197 -173 380 -45 -172 392  -> l
-15 -254 293 73 -211 335 6 -366 400 -75 -224 323 -6 -244 395 108 -239 438 -78 -240 281 -3 -257 428  -> l
12 -163 409 92 -124 288 72 -235 379 56 -96 378 -11 -186 380 17 -205 464 88 -147 432 -79 -166 347  -> l
18 -163 270 -28 -75 334 -23 -83 231 194 -210 450 118 -202 196 18 -101 366 -79 -258 201 -100 -83 259  -> l
-25 -162 170 97 -133 310 -27 -286 260 77 -282 322 128 -80 362 -52 -211 127 -77 -154 111 25 -261 276  -> l
-87 -238 243 5 -277 282 41 -191 276 91 -237 267 -2 -135 288 -114 -253 293 -37 -185 287 -59 -163 280  -> l
67 -240 279 48 -195 291 -128 -201 325 -82 -268 263 114 -241 421 158 -169 354 -68 -85 300 -40 -381 345  -> l
-127 -177 283 -111 -196 292 -71 -173 295 182 -179 430 144 -339 429 131 -105 345 -194 -435 360 -108 -129 275  -> l
44 -181 218 272 -7 340 -43 -235 377 -243 -132 289 58 -67 329 93 -221 420 213 -143 394 -18 -232 292  -> l
83 -192 187 -14 -188 216 86 -140 297 54 -31 271 -7 -241 264 -2 -259 365 56 -284 391 82 -228 308  -> l
-207 -168 210 35 -439 419 -24 -146 296 26 -209 292 15 -226 270 67 -254 356 -15 -144 269 14 -290 316  -> l
70 2 304 79 -528 353 -84 -138 419 -99 -233 413 -27 -199 339 179 -335 361 99 -260 243 -164 -159 298  -> l
84 -155 380 139 -213 370 120 -186 426 -25 -135 311 -61 -233 378 115 -238 426 -73 -47 302 40 -308 435  -> l
-4 -197 299 -242 -237 259 -135 -340 328 88 -168 282 181 -260 292 91 -218 281 -61 -235 207 -48 -284 276  -> l
-61 -60 102 -62 -92 266 -34 -229 261 168 -41 247 131 -73 258 22 -318 400 -8 -191 339 -75 -152 357  -> l
-106 -87 324 -89 -233 336 69 -287 387 86 -119 339 8 -113 366 -78 -256 183 59 -284 367 36 -173 280  -> l
112 -297 314 51 -225 439 64 -410 426 -90 -181 261 -17 -325 390 45 -327 260 60 -230 344 -31 -306 335  -> l
-68 -109 304 -65 -229 374 181 -252 376 -46 -133 360 -170 -203 292 -51 -172 283 35 -316 394 180 -148 392  -> l
14 -236 277 -3 -226 290 -44 -277 329 -27 -229 306 58 -257 415 61 -304 388 -20 -225 349 -39 -244 359  -> l
40 -140 284 -72 -190 350 123 -315 351 68 -175 316 -156 -210 319 19 -231 305 37 -205 358 96 -239 369  -> l
137 -267 489 -1 -123 371 -26 -310 435 11 -249 417 -28 -93 399 -108 -231 298 18 -262 336 58 -279 423  -> l
4 -92 304 32 -147 263 123 -106 339 143 -121 344 28 -100 367 -8 -136 417 -11 -52 429 -1 -347 368  -> l
14 -313 512 -4 -185 415 -17 -282 397 -92 -279 358 11 -352 422 69 -32 335 -65 -131 257 -2 -306 290  -> l
-93 -267 395 42 -184 264 19 -70 241 -4 -257 265 38 -150 315 6 -73 273 55 -177 370 -37 -131 305  -> l
20 -112 271 -127 -187 245 -18 -316 328 41 -184 266 35 -213 347 -20 -222 301 -40 -282 342 -44 -252 298  -> l
-15 -257 266 -45 -306 302 38 -315 349 88 -274 406 -4 -258 353 -185 -254 284 28 -243 300 40 -346 415  -> l
106 -275 472 -59 -121 368 -120 -229 288 40 -334 350 118 -207 457 166 -295 413 99 -72 284 -4 -195 284  -> l
31 -232 325 56 -240 326 5 -172 260 0 -210 390 -66 -190 337 -29 -233 421 -100 -149 171 -3 -113 278  -> l
-107 -251 257 70 -212 296 4 -278 271 -31 -273 249 -61 -207 258 -43 -206 248 -36 -114 233 54 -195 258  -> l
-94 -270 376 -143 -255 298 87 -297 399 149 -377 414 -3 -223 205 -31 -318 348 -149 -297 241 14 -362 354  -> l
-79 -86 280 48 -204 248 154 -272 290 46 -167 270 -169 -118 196 129 -296 420 121 -55 304 44 -285 273  -> l
-76 -201 440 26 -398 413 31 -238 275 -98 -202 306 19 -237 305 49 -104 268 29 -210 305 164 -188 309  -> l
-29 -236 246 0 -229 227 -20 -291 327 4 -206 366 -71 -310 356 -44 -261 344 73 -340 389 -25 -271 339  -> l
-26 -322 309 150 -116 240 98 -242 350 -181 -203 250 -87 -192 301 -12 -234 351 166 -187 342 81 -171 332  -> l
120 -194 343 146 -118 395 -12 -209 344 -135 -236 320 66 -238 435 43 -201 334 71 -237 375 33 -366 494  -> l
-61 -226 375 96 -318 418 108 -65 263 -13 -254 279 -32 -364 302 19 -200 440 48 -101 334 25 -119 335  -> l
8 -265 379 -16 -247 321 -28 -264 339 -56 -217 282 12 -185 297 -6 -193 227 28 -91 255 75 -127 257  -> l
92 -261 404 62 -129 297 -138 -303 355 9 -336 410 26 -213 379 9 -286 345 -33 -209 285 -33 -118 362  -> l
-109 -309 351 -61 -231 365 185 -204 382 39 -146 383 -36 -328 345 84 -62 380 35 -315 409 87 -273 433  -> l
53 -165 362 67 -333 422 -136 -159 265 -54 -189 212 -38 -242 257 214 -367 387 130 -284 207 -9 -209 285  -> l
55 -238 363 77 -162 363 -2 -172 299 -28 -200 250 0 -137 241 -59 -124 123 13 -363 387 249 -53 263  -> l
135 -280 319 53 -133 220 119 -189 303 -224 -38 125 98 -437 420 -122 15 98 290 -175 310 107 -199 284  -> l
-55 -212 285 -9 -171 305 95 -334 423 -128 -133 331 -23 -245 319 103 -378 422 17 -159 216 -75 -257 382  -> l
82 -256 384 97 -248 349 -64 -241 320 -106 -279 321 109 -284 354 -9 -231 333 116 -416 401 9 -177 246  -> l
74 -138 299 56 -166 295 -59 -255 358 -20 -363 401 -20 -115 234 117 -236 329 68 -317 402 -46 -223 175  -> l
7 -165 292 7 -286 294 30 -220 420 -62 -140 267 -81 -129 151 -38 -222 271 51 -165 264 109 -282 396  -> l
-26 -381 238 -22 -119 291 -60 -93 260 -8 -292 205 79 -178 205 143 -244 352 17 -189 129 -10 -221 258  -> l
-31 -157 285 -68 -265 391 -79 -291 324 62 -147 324 145 -241 326 -14 -168 284 -10 -240 378 52 -137 381  -> l
42 -181 314 -32 -164 275 206 -282 354 105 -171 306 -70 -134 221 -113 -285 360 -25 -254 385 -13 -214 270  -> l
86 -119 306 67 -174 386 33 -147 354 -70 -73 226 75 -306 342 89 -170 225 109 -126 264 -49 -266 241  -> l
44 -234 290 -24 -317 416 -29 -229 401 -46 -42 358 -32 -276 495 -103 -238 326 26 -344 363 97 -179 306  -> l
75 -181 257 37 -258 243 -164 -254 305 -25 -212 183 140 -363 424 138 -107 250 5 -362 329 -112 -278 179  -> l
29 -257 201 56 -327 332 48 -129 291 62 -191 277 26 -240 240 -43 -235 290 0 -238 275 -52 -123 210  -> l
-61 -175 161 140 -322 371 -119 -246 203 -132 -221 222 0 -358 328 40 -288 272 -23 -339 301 -46 -190 120  -> l
82 -258 353 -76 -180 210 -87 -298 275 0 -299 384 258 -192 331 23 -239 281 -116 -295 256 -89 -281 329  -> l
31 -214 355 43 -325 261 93 -297 275 -4 -368 223 36 -138 318 -50 -296 294 39 -222 430 80 -282 391  -> l
79 -346 421 -65 -125 281 -89 -122 314 4 -275 368 86 -288 470 141 -229 442 53 -181 420 -144 -199 225  -> l
4 -141 295 79 -165 297 242 -351 530 44 -27 231 -72 -235 318 -146 -390 555 66 -268 368 88 -153 299  -> l
-169 -111 168 113 -155 323 123 -117 367 26 -222 240 -49 -164 345 -70 -301 289 63 -321 370 75 -108 234  -> l
-164 -105 230 53 -366 309 135 -157 333 46 -112 299 -88 -199 278 -48 -273 273 49 -121 312 144 -121 265  -> l
-50 -110 346 -69 -233 316 -54 -130 357 28 -167 374 58 -208 336 14 -280 444 -53 -25 325 13 -366 438  -> l
88 -255 400 60 -89 313 -13 -196 356 -108 -205 261 69 -83 267 29 -268 322 -9 -240 286 84 -77 342  -> l
-19 -212 344 -1 -179 342 9 -170 350 134 -281 466 60 -202 398 -49 -102 303 -115 -211 259 192 -356 586  -> l
12 -136 217 -67 -314 144 -152 -164 258 105 -517 352 -38 -21 301 -60 -359 214 30 -423 268 -159 -37 257  -> l
-96 -178 355 -86 -180 315 49 -277 396 -41 -183 332 -19 -221 305 155 -349 442 194 -202 302 -62 -138 383  -> l
-173 -154 250 117 -365 442 90 -50 354 -33 -310 369 -70 -220 310 79 -209 355 -11 -112 250 40 -347 367  -> l
77 -251 383 109 -226 411 -11 -255 412 -13 -319 398 -125 -290 423 3 -291 336 -19 -169 372 74 -272 252  -> l
-56 -267 275 30 -310 373 48 -285 349 -54 -250 295 -138 -205 304 30 -298 308 84 -153 287 166 -313 476  -> l
22 -194 396 -34 -234 414 -141 -225 458 -87 -291 442 34 -216 452 80 -162 401 -11 -261 439 17 -228 350  -> l
66 -199 324 48 -156 309 -31 -176 300 31 -202 344 79 -115 323 44 -127 345 -55 -116 276 -50 -152 280  -> l
-172 -200 276 -62 -332 444 -100 -215 250 109 -257 348 22 -251 280 -44 -259 261 121 -305 382 81 -260 330  -> l
100 -216 357 26 -105 241 -31 -189 375 -30 -280 370 -32 -270 307 -19 -250 345 31 -217 337 -19 -223 247  -> l
80 -284 334 -14 -120 266 -34 -153 393 -24 -211 385 16 -198 376 76 -237 511 -80 -264 373 -23 -264 427  -> l
4 -209 363 65 -212 346 63 -283 494 -6 -225 348 -80 -269 391 -6 -229 349 9 -210 348 7 -215 380  -> l
50 -213 342 67 -93 321 -14 -118 318 -130 -180 251 -15 -304 371 52 -154 301 138 -126 319 -27 -333 386  -> l
-3 -121 281 38 -217 368 15 -183 346 -59 -228 295 -1 -226 397 -38 -231 405 8 -250 334 21 -181 337  -> s
93 -137 314 -22 -158 325 -13 -292 448 -158 -118 322 -25 -163 398 65 -175 374 44 -224 343 -42 -178 342  -> s
-63 -154 453 -125 -229 426 -47 -271 427 -24 -230 451 -11 -241 454 -98 -329 447 -72 -305 410 -46 -294 376  -> s
13 -449 357 -32 -375 397 -20 -364 301 -108 -415 422 -223 -514 520 -268 -539 464 -197 -464 521 -123 -540 457  -> n
-5 -377 212 36 -366 243 -16 -353 244 -90 -452 286 -96 -440 323 -116 -429 366 -102 -454 351 -62 -423 320  -> n
-52 -306 344 -23 -310 311 15 -368 353 -21 -332 329 -87 -296 286 -114 -267 410 -121 -342 336 -42 -522 222  -> n
-110 -385 471 -178 -478 667 -276 -661 1193 -452 -576 727 33 -187 284 -346 -372 605 -436 -542 740 -219 -513 874  -> n
