-219 -142 128 7 -69 61 142 -174 -30 111 -173 -45 142 -157 -10 34 -179 -54 -31 -235 -74 -37 -209 -86 
33 -61 16 47 -41 30 78 -80 37 26 -126 -39 45 -212 -128 103 -111 -112 46 -135 -99 -118 -164 42 
4 -130 -19 106 -92 -60 172 -56 -78 82 -68 -68 -131 -109 -4 -229 -98 49 -62 -72 30 94 -60 -43 
-7 -46 8 -135 -92 12 -51 -87 3 53 -77 -76 94 -74 -30 82 55 15 -155 -31 89 -179 -65 91 
74 -39 15 30 -74 21 -11 -55 -3 -1 -111 0 25 -131 -34 42 -106 -60 69 -121 -111 -4 -151 11 
-28 -175 7 20 -155 -20 57 -127 -36 62 -207 -76 -1 -133 -12 13 -122 33 -59 -161 43 84 -101 10 
36 -134 -14 54 -121 -18 71 -86 -30 -56 -116 14 18 -97 16 11 -142 -6 27 -96 -16 84 -38 -33 
-57 -114 -39 -61 -61 -54 -44 -4 39 16 -29 22 -30 -50 23 -46 -34 8 -12 -78 -9 -9 -43 23 
-13 -70 65 6 -90 45 22 -115 58 33 -143 -2 103 -140 -40 85 -115 -46 45 -138 -8 -13 -178 -36 
36 -97 27 42 -93 33 -16 -169 44 5 -147 42 40 -108 46 74 -88 18 34 -90 35 -71 -187 21 
38 -99 -7 77 -115 4 -28 -161 -57 62 -184 -37 -7 12 61 29 -18 62 -8 -7 37 46 -30 23 
-136 -54 35 -139 -47 111 -24 4 81 106 36 61 4 -65 10 -48 -89 34 -92 -112 21 -3 -42 83 
107 11 40 -59 -157 29 0 -117 -17 75 -102 -37 14 -106 9 100 -84 -25 70 -122 -74 -126 -94 139 
-3 -155 -34 23 -85 90 4 -79 37 -1 -152 13 -87 -186 43 -110 -139 103 65 -186 -17 25 -144 -6 
86 -66 77 134 -85 31 19 -60 94 -88 -84 151 -59 -125 62 -9 42 -14 -48 166 128 -57 99 28 
-97 97 132 -26 79 106 -191 -43 158 -29 -103 134 168 -25 -7 211 -1 -16 2 -95 2 -162 -150 100 
-8 -35 39 158 -75 -2 91 -66 15 58 -58 20 -69 -153 49 -4 -93 39 -5 -145 83 44 -164 4 
96 -186 -81 3 -156 36 25 -129 37 92 -151 20 -34 -251 3 -13 -207 53 108 -89 56 101 -97 40 
7 -232 109 69 -199 2 87 -208 10 133 -207 3 60 -155 0 55 -148 28 101 -98 36 86 -108 29 
-137 -170 -33 -63 -50 75 60 1 169 21 -18 153 -31 -75 248 48 -145 63 154 -185 25 96 -158 18 
55 -92 74 -17 -147 71 0 -191 41 14 -174 -11 168 -35 54 5 -137 78 -45 -202 115 -54 -237 32 
221 -38 -8 75 -146 33 -62 -254 95 -212 -244 70 179 -47 38 174 -73 -17 42 -158 32 -53 -178 75 
33 -77 54 32 -65 54 31 -39 117 -8 -50 110 -12 -35 133 12 -65 97 -8 -78 -14 75 38 86 
-63 5 207 26 -5 122 79 -19 118 89 -11 83 -39 -55 52 -146 -71 256 -58 -98 131 -63 -76 178 
93 -36 125 71 -62 80 -6 -69 241 17 -93 182 99 -128 87 118 -123 79 58 -171 111 11 -177 110 
40 -131 170 -3 -174 61 174 -124 36 -43 -115 181 -57 -146 152 19 -136 132 29 -97 183 91 -66 125 
-104 -180 198 -3 -94 132 177 -40 45 27 -49 125 -96 -66 139 -143 -41 167 38 76 203 81 -22 98 
6 7 146 -61 -44 177 11 -40 162 56 -52 99 -24 -85 207 59 -114 99 -20 -144 173 100 -99 100 
78 -132 85 14 -195 118 47 -236 126 70 -228 59 146 -231 23 118 -219 -3 -31 -206 120 71 -184 115 
101 -201 115 81 -150 65 85 -165 95 -96 -268 106 124 -117 90 203 -113 26 156 -108 77 13 -223 126 
-163 -197 36 38 -114 36 70 -10 101 1 9 156 10 -23 113 -14 -62 137 -59 -67 135 -42 -44 160 
22 -67 100 95 -55 68 38 -92 87 10 -106 114 -44 -109 155 76 -71 133 150 -68 66 65 -132 84 
-38 -214 106 41 -223 79 93 -177 38 131 -146 33 93 -173 55 -19 -252 90 -4 -203 88 117 -144 84 
109 -144 51 10 -200 56 28 -190 95 58 -161 85 107 -90 37 -17 -83 56 22 -118 102 47 -41 113 
-9 -41 135 -34 -80 96 -95 -67 158 31 -43 162 44 -43 101 50 -48 54 118 -40 49 -80 -154 102 
-45 -122 98 100 -86 80 72 -88 48 27 -119 105 13 -159 58 53 -142 91 115 -135 50 110 -175 10 
-57 -265 67 95 -156 65 151 -148 28 88 -207 43 51 -233 50 18 -264 57 71 -214 102 127 -174 59 
65 -186 56 16 -172 106 7 -128 115 20 -98 141 46 -74 103 54 -76 118 4 -67 143 -40 -82 171 
10 -74 143 64 -46 161 55 -79 110 34 -105 73 6 -102 141 66 -93 127 167 -61 48 -35 -147 126 
-46 -128 135 126 -82 133 142 -59 100 139 -97 142 3 -213 109 -86 -289 149 133 -145 70 155 -132 76 
26 -173 131 52 -172 128 70 -176 91 130 -189 24 58 -148 102 9 -167 112 52 -99 176 85 -52 132 
3 -169 61 1 -114 125 -13 -111 169 115 -88 34 97 -120 22 32 -47 116 15 -45 144 -119 -136 167 
139 -56 82 160 -88 35 10 -56 184 -12 -54 216 49 -80 139 13 -71 137 78 -85 151 -20 -142 116 
2 -97 116 69 -67 110 66 -138 173 42 -174 162 101 -134 145 100 -184 90 94 -215 98 -21 -224 119 
58 -81 163 47 -72 102 158 -39 141 109 -153 30 -109 -299 170 -63 -116 215 30 -55 202 149 -83 68 
56 -136 48 -100 -128 109 -186 -113 145 41 2 170 153 16 62 108 -34 60 -56 -62 178 -126 -107 180 
51 -56 130 154 -60 69 59 -128 45 0 -142 133 -27 -134 124 113 -165 105 192 -157 -8 157 -177 10 
-39 -202 70 -9 -139 137 97 -107 107 22 -194 77 69 -96 96 35 -168 113 22 -144 109 -46 -182 127 
139 -60 38 7 -136 114 60 -109 81 17 -213 51 -117 -129 102 -13 -39 175 43 46 169 136 47 128 
96 -44 155 -29 -133 138 -135 -186 186 -178 -231 168 191 -61 115 308 62 41 75 -99 168 -68 -248 93 
-64 -306 149 56 -211 105 17 -351 114 315 -116 -62 297 -162 -55 79 -168 86 -63 -274 133 0 -259 151 
206 -176 28 5 -185 108 -26 -173 175 -7 -160 129 135 -90 120 82 -114 100 -14 -129 138 36 -78 83 
6 -73 213 3 -18 195 81 5 226 69 -47 211 -25 -124 187 21 -82 198 55 -113 153 117 -21 183 
-67 -80 261 61 -123 204 62 -138 144 66 -107 243 117 -110 115 10 -292 93 96 -246 76 205 -157 71 
56 -357 84 128 -245 61 189 -242 72 221 -227 28 79 -317 38 -41 -278 151 105 -152 138 95 -137 114 
64 -81 238 194 -66 108 158 -92 73 -69 -151 227 -45 -128 225 16 -98 171 123 -33 189 127 -18 96 
-73 -21 248 -30 -102 216 116 -7 147 115 -93 130 19 -169 103 1 -157 152 5 -121 149 37 -94 142 
43 -117 141 118 -112 84 49 -176 50 35 -117 169 54 -150 71 59 -225 69 85 -160 79 115 -141 47 
7 -176 88 -52 -179 177 19 -120 79 129 -108 64 71 -127 29 28 -127 77 -17 -120 82 11 -91 109 
16 -144 72 -4 -97 80 36 -80 68 -24 -27 83 60 -51 100 -62 -37 114 -2 -33 168 -108 -115 179 
40 -82 60 42 -118 135 94 -79 109 13 -215 70 -32 -257 45 51 -163 112 135 -120 79 112 -218 61 
140 -185 31 -7 -264 159 -160 -326 174 39 -118 204 276 -2 122 197 -54 33 -167 -233 276 -53 -161 132 
84 -136 66 68 -100 84 62 -57 125 17 -87 137 -2 -67 76 -35 -85 147 -60 -118 107 8 -111 129 
38 -27 168 26 -21 164 -45 -107 75 44 -78 159 21 -68 114 -18 -120 179 2 -111 60 69 -151 101 
212 -84 23 -16 -185 127 -35 -186 110 26 -141 67 66 -113 52 87 -87 60 36 -121 73 -17 -135 63 
-49 -126 -6 -53 -89 43 38 -82 -124 1 -195 141 1 -63 44 76 -94 27 45 -62 41 -25 -74 80 
-42 -28 64 4 -34 40 20 -24 67 6 11 82 -10 24 115 13 3 63 -104 -51 158 39 -81 117 
-58 -117 84 71 -56 21 109 -65 10 6 -57 40 -47 -64 61 -28 -54 110 16 -75 77 47 -89 44 
-12 -133 50 38 -116 77 55 -60 29 -2 -156 80 35 -111 37 79 -112 27 47 -152 -48 2 -172 67 
63 -77 84 47 -87 -2 -87 -180 40 -33 -69 84 25 -42 56 68 -71 7 10 -55 51 39 -41 27 
-30 -53 30 -116 -46 94 23 1 75 -50 -76 83 36 6 142 30 -105 -1 -22 -106 68 -4 -33 62 
30 -45 42 8 -43 62 -95 -134 56 9 -9 83 146 48 66 -44 -141 93 -4 -117 57 17 -119 49 
110 -117 1 -30 -185 48 3 -137 83 175 -118 3 -21 -162 70 -57 -89 84 -92 -180 43 129 -17 89 
29 -137 15 -44 -103 71 -119 -149 53 -35 -64 81 66 -25 19 81 -66 60 89 -76 -17 -60 -151 -23 
-73 -29 65 -112 -93 93 19 18 121 43 -91 49 67 -60 37 15 -14 141 -90 -106 118 -43 -175 46 
126 -7 35 40 -161 100 -10 -180 73 -20 -167 56 133 -94 -18 122 -129 -1 -132 -175 124 -33 -103 99 
14 -115 113 78 -81 86 -20 -141 40 -41 -118 129 -13 -98 63 76 -90 70 60 -105 61 -22 -131 76 
11 -108 64 19 -76 38 -3 -41 67 8 -15 89 -13 -67 96 -89 -83 126 18 -33 121 28 -47 112 
21 -28 103 -57 -109 102 -31 -102 106 73 -54 51 14 -114 58 51 -73 59 38 -91 41 15 -94 33 
-17 -102 48 15 -130 44 43 -84 44 58 -81 71 20 -98 84 -1 -111 125 3 -98 133 -7 -154 60 
22 -145 46 59 -127 28 148 -75 -32 89 -117 72 31 -102 0 -68 -177 32 -19 -37 41 -24 -65 39 
58 -16 72 -35 -39 78 1 -88 102 -10 -80 64 -55 -147 43 0 -66 30 29 -60 54 191 -79 -7 
-9 -140 61 -98 -92 125 -58 -54 76 2 -108 8 102 -145 7 122 -121 3 39 -160 30 -54 -184 86 
58 -150 6 72 -59 64 26 -110 70 -29 -138 74 47 -176 32 106 -160 -23 9 -158 38 19 -152 36 
7 -66 35 25 -31 42 -104 -53 43 -24 20 87 10 -30 47 5 -96 16 -82 -65 81 -61 -45 11 
123 -19 6 -17 -94 101 -33 -118 82 21 -180 25 58 -96 18 61 -104 -5 0 -80 31 58 -76 46 
-17 -162 24 28 -217 -26 102 -134 45 47 -104 -9 42 -193 -3 21 -140 23 19 -130 71 73 -147 29 
-35 -143 67 43 -75 47 -21 -92 79 93 -18 84 58 -74 33 -69 -146 55 17 -80 41 8 -53 87 
87 0 117 -10 -41 80 -61 -105 110 -21 -55 115 -42 -54 95 -7 -112 108 6 -31 79 71 -26 107 
-230 -229 134 91 31 86 212 -14 42 -8 -187 87 71 -157 49 -22 -268 40 13 -303 3 -139 -217 137 
192 -149 -21 141 -116 -10 29 -132 52 19 -150 35 28 -105 113 -32 -94 83 64 18 93 71 -50 81 
4 -31 73 -38 -40 57 -114 -13 165 -17 24 125 23 -45 89 80 -45 67 39 -66 99 0 -37 123 
-3 -127 65 -6 -33 82 -19 -46 122 60 -90 103 136 -73 93 182 -73 57 -12 -133 187 -78 -179 187 
104 -145 60 155 -87 102 96 -135 45 -2 -174 130 43 -181 85 56 -176 75 78 -124 89 -12 -93 123 
27 -13 124 88 -23 126 42 -54 92 -34 -78 167 6 -70 112 43 -65 82 59 -26 108 48 16 126 
-45 -13 142 62 18 192 12 -33 119 -110 -52 186 -60 -68 148 113 -50 115 103 -139 7 30 -153 74 
-2 -124 46 35 -106 94 0 -41 119 -4 -78 90 8 -113 104 61 -108 77 41 -121 76 -10 -119 101 
80 -38 67 21 -55 100 39 -28 127 -56 -77 148 -81 -154 114 -23 -80 113 71 -43 58 29 -87 72 
60 -64 14 -18 -124 62 -61 -93 104 9 -88 48 79 -83 68 34 -73 68 35 -71 51 -67 -86 43 
-14 -40 130 -17 -113 84 37 -47 64 2 -61 83 58 -47 58 -7 -97 58 -59 -80 79 -7 -81 69 
77 -17 56 51 -54 37 -8 -81 65 -65 -116 89 -33 -99 19 24 -72 65 18 -70 0 67 -44 -10 
-30 -82 13 -123 -51 145 -101 -17 148 -38 -51 67 36 -42 9 -7 -87 41 -29 -117 49 -7 -81 57 
81 -89 -56 -66 -54 15 -45 34 42 -64 10 101 -95 -87 81 4 -67 74 33 -100 17 41 -56 15 
-19 -54 56 -22 -74 64 -67 -84 87 49 -66 54 -9 -117 23 64 -54 47 87 -29 68 -21 -82 79 
-1 -68 35 -15 -96 61 52 -40 62 47 -88 22 15 -85 35 -2 -94 40 -33 -95 36 19 -83 17 
55 -31 29 10 -82 5 1 -93 26 -53 -56 81 -72 -67 36 32 -39 53 93 -39 -10 27 -54 -14 
-118 -51 102 -51 -90 64 83 -62 2 43 -88 -5 -38 -87 24 34 -39 4 22 -57 48 -42 -67 69 
-43 -115 18 67 -30 42 56 -132 -36 -64 -108 21 8 -73 -10 -7 -100 50 -134 -104 114 38 -63 40 
-18 -89 46 -125 -79 49 -93 -76 114 105 6 44 212 -26 60 71 -184 37 -77 -291 -19 -24 -248 -10 
114 -75 98 163 -37 73 111 -168 7 -92 -256 47 -75 -64 109 11 -101 33 20 -82 36 0 -73 38 
75 -36 45 -31 -89 91 -85 -79 115 29 -27 36 -10 17 95 -29 51 88 -67 -6 104 22 74 122 
7 28 93 -12 50 132 -51 7 125 -75 -48 157 -78 -47 150 110 -25 63 45 -127 8 -44 -174 91 
7 -127 58 -7 -164 51 35 -67 75 130 9 68 26 -56 94 -24 -84 171 44 -125 133 15 -151 94 
40 -91 70 18 -73 87 -39 -77 111 -12 -20 52 12 6 75 -3 -50 40 -58 -37 121 -29 9 159 
17 -53 83 -66 -57 100 -63 -119 63 13 -36 121 103 31 84 20 -68 70 -50 -105 99 -40 -73 99 
-10 -103 54 48 -69 35 78 -70 52 46 -86 81 -6 -90 93 -4 -102 114 -42 -97 125 54 -60 111 
57 -122 52 5 -103 52 -47 -148 100 23 -71 87 55 -45 96 -13 -110 84 -3 -123 31 74 -108 33 
46 -45 105 -71 -64 93 -59 -67 99 19 -73 66 113 -6 90 -22 -68 119 -65 -95 89 -42 -100 126 
37 -72 58 -21 -82 92 25 -89 64 47 -103 -19 33 -57 73 0 -88 78 -22 -132 59 42 -102 40 
-31 -137 64 -80 -143 96 65 -46 56 85 -156 31 106 -93 52 42 -69 24 -99 -141 70 -73 -65 114 
110 -73 38 33 -121 31 -56 -56 83 51 -16 46 -30 -26 50 -93 -58 46 22 11 94 56 -42 33 
47 -40 -28 -90 -82 64 -86 -72 88 -203 -76 138 -81 -50 129 187 -16 53 -27 -125 76 -17 -50 107 
15 -171 78 -6 -165 47 72 -87 74 72 -90 32 49 -173 32 35 -142 13 41 -151 27 11 -170 26 
-25 -52 89 49 -61 62 -50 -81 72 73 -22 128 -8 -69 104 -31 -105 135 6 -118 37 45 -79 44 
7 -88 76 -120 -97 93 75 -39 56 35 -45 42 -27 -69 77 -109 -95 96 -51 -67 107 88 -41 53 
41 -79 15 -23 -83 51 23 -86 69 18 -105 64 23 -163 20 38 -164 31 74 -141 49 55 -119 13 
13 -203 26 19 -146 49 -2 -136 46 97 -74 20 28 -115 42 -3 -127 41 -74 -193 34 -54 -130 77 
71 -108 -14 28 -123 -6 -17 -62 17 9 -34 10 -62 -35 85 -15 -8 92 40 -38 72 -16 -53 34 
-28 -20 72 -111 -102 90 19 -72 30 72 -48 47 69 -50 11 -37 -123 25 -55 -102 18 33 -113 42 
37 -89 64 66 -121 54 37 -138 38 68 -123 12 31 -158 37 -46 -163 29 19 -123 58 27 -124 39 
6 -135 9 -30 -94 56 26 -20 50 11 -20 52 -31 -26 44 -23 -23 79 -1 -32 64 20 -52 45 
5 -45 59 -109 -141 90 -40 -79 85 66 -71 91 37 -134 16 -7 -180 44 60 -89 28 44 -117 3 
50 -98 70 102 -131 19 0 -220 10 47 -126 26 21 -146 69 24 -136 85 102 -123 1 30 -159 45 
0 -176 22 4 -125 73 100 -75 51 69 -85 54 -15 -83 66 -3 -49 85 -115 -116 52 43 -38 -30 
9 40 110 -35 -6 59 -13 17 86 -25 -24 125 -44 -57 59 -167 -122 76 111 -52 13 89 -38 23 
8 -33 57 -21 -103 51 -52 -168 97 114 11 128 35 -123 153 0 -273 -41 144 -220 14 -7 -179 31 
-330 -525 -28 302 138 119 538 107 11 241 -102 -134 -404 -323 39 -326 -106 246 -118 -185 89 -110 -2 113 
552 40 -155 -1 -55 -36 -378 -23 241 -351 110 205 36 -45 -28 127 -24 -13 8 51 97 -64 44 87 
-91 -142 29 -86 -101 59 155 0 20 -23 -90 101 -33 -72 73 -33 -161 48 3 -230 -55 110 -178 -37 
118 -140 -31 68 -228 -7 71 -225 -66 -19 -200 -4 -42 -127 10 13 -102 24 111 -112 -15 142 -98 -43 
-67 -138 16 -74 -93 61 25 -33 46 55 -20 11 107 -18 -33 -113 -84 36 -57 -50 9 -87 -23 59 
12 36 66 5 -5 11 -44 -28 99 -5 -40 31 -24 -53 41 -29 -27 74 -16 -52 38 99 -80 2 
109 -63 16 -12 -189 26 -65 -194 65 86 -108 0 116 -92 -21 106 -126 -9 86 -158 63 -73 -48 55 
-34 -105 30 -36 -112 8 66 -38 20 18 -38 34 -33 -82 45 50 -51 8 49 -93 -7 -19 -98 -27 
-82 -32 59 20 11 24 45 -24 8 56 -57 32 -46 -105 32 -107 -91 71 -12 -59 31 -62 -37 43 
54 -26 31 48 11 51 4 5 73 -93 -37 103 0 -1 105 -21 -72 51 -24 -87 151 0 -81 94 
-16 -84 42 -50 -17 133 -19 -16 143 -47 -55 91 40 -91 54 44 -67 44 -22 -27 127 -38 -62 126 
24 -23 134 33 -111 -1 -95 -118 -5 -43 57 107 18 30 53 -7 31 37 143 95 88 -67 -51 40 
-198 -15 144 74 27 101 31 -54 33 -80 -20 104 11 -35 6 -1 -88 48 32 0 66 40 24 79 
69 -81 41 20 -181 49 -34 -155 112 -46 -161 74 47 -128 84 191 -32 -13 124 -168 -24 -85 -126 80 
-30 -134 -5 -18 -36 85 -61 -103 23 39 -40 -6 -4 -43 -16 -10 17 45 -66 -37 29 -129 -46 28 
-5 -11 -17 -16 13 38 -70 -52 54 28 -2 132 -28 -132 18 -35 -106 69 53 -71 46 20 -47 22 
1 -94 -46 76 -68 12 19 -149 7 -46 -195 -32 -5 -66 36 90 -98 3 -12 -115 13 -3 -89 45 
0 -75 68 -16 -36 56 -26 -78 52 -21 -123 30 24 -81 59 -10 -85 67 -34 -89 77 96 -48 52 
11 -20 56 -170 -65 41 -36 73 100 16 49 120 13 18 156 -31 19 73 28 -72 72 0 -29 38 
16 -24 52 75 85 134 43 41 89 37 -107 36 -108 -157 106 -23 -68 83 -35 -127 73 144 -5 40 
145 -56 2 -163 -190 48 -325 -106 98 128 -13 113 229 68 -15 162 -39 59 -152 -235 70 -190 -133 35 
-32 78 131 25 35 69 249 36 27 2 -95 -89 -698 -283 264 -28 100 217 277 126 66 291 18 -55 
-128 -39 147 -357 -59 234 -214 -82 133 153 -58 60 364 -100 -12 165 -169 -7 -25 -184 87 -101 -171 49 
81 -123 -42 108 -52 -12 82 -46 -11 -141 -61 168 -98 -40 146 21 -121 44 43 -110 3 -1 -115 33 
46 -28 -23 64 10 8 -137 14 9 -90 33 97 -87 70 178 -113 -50 100 -76 -58 125 116 0 94 
26 -65 62 51 -48 16 35 -81 49 -113 -112 78 -74 -52 103 34 -58 46 50 -157 1 120 -89 37 
122 -74 40 0 -117 4 -69 -141 81 -23 -91 79 -108 -137 108 151 -56 29 63 -171 -17 140 -86 2 
-96 -100 120 -91 -74 21 -54 -110 -10 -15 -8 108 23 -23 78 -27 -36 116 112 3 81 -101 -138 59 
-88 -34 77 12 -43 15 193 59 -17 125 95 86 -31 15 64 -351 -164 246 -61 -45 53 -62 -85 122 
260 -60 -62 282 -225 -53 46 -156 -28 -122 -176 77 -86 -106 74 147 -11 57 199 -28 4 -76 -219 79 
32 -111 96 55 -81 46 77 -63 27 43 -58 -14 -7 6 42 -32 18 63 -199 5 181 2 12 77 
29 -40 23 -63 -55 90 51 44 33 81 -52 -8 84 -90 -13 64 -39 116 -1 -80 137 -42 -105 98 
-81 -62 63 0 -55 20 -43 -17 123 51 33 106 198 -51 28 64 -111 32 16 -147 99 -48 -126 45 
-12 -115 65 65 -49 96 87 -15 63 10 -45 86 -47 -54 50 -125 -95 48 -102 -23 78 -86 -13 74 
110 6 32 57 -52 11 -57 -115 55 -106 -86 18 -74 -41 40 -53 -75 36 62 -6 26 116 -12 67 
-48 -62 32 -197 -5 116 -17 -28 81 -20 -31 20 90 -28 7 40 -77 -47 -67 -63 58 14 -21 53 
20 -133 43 47 -92 15 31 -117 19 0 -134 -33 40 -76 21 69 -82 7 6 -112 21 -14 -48 18 
-22 -113 -46 -48 -113 -44 -5 -18 26 110 -5 17 63 -113 -59 -124 15 -52 -68 92 104 -121 0 -19 
-34 72 15 -22 29 62 -141 -111 -11 11 -26 -46 80 -97 -28 -67 -115 -44 -95 -35 36 88 47 50 
-198 -198 56 -260 -180 109 28 -151 25 103 -125 -40 163 -89 -116 157 -55 -127 -18 -168 -47 -135 -149 33 
-20 -184 -26 123 -126 -47 135 -87 7 71 -88 -38 -70 -123 1 -75 -73 45 -46 -57 -57 -36 8 16 
138 93 -6 -104 13 -14 -174 41 46 -98 97 33 -71 94 52 87 54 -19 -67 -42 -17 -39 -5 41 
-169 -42 4 -119 -27 -13 59 -10 -51 50 -44 -61 60 -126 -121 20 -48 107 70 -30 132 38 -116 35 
-67 -190 -46 49 -109 -75 25 -81 -4 95 -43 24 138 -109 -97 -122 -181 -56 -147 -104 -43 -32 -61 -36 
41 14 15 194 56 -14 30 -11 0 -129 26 52 -102 39 63 -148 0 124 83 100 2 20 97 146 
164 134 53 9 7 87 -185 17 139 -212 0 214 -154 50 199 277 81 -31 193 -5 -145 -86 -74 23 
-310 -51 96 9 -7 53 266 -79 -68 257 -95 -144 15 -194 28 -54 -94 86 3 -37 12 9 -150 -17 
-50 -31 58 -39 -26 21 -165 -53 55 -13 67 60 102 79 31 16 102 142 -99 -5 101 -113 -25 61 
-103 -38 78 -133 -21 71 167 74 54 234 116 34 55 -28 62 -231 -69 77 -189 -84 115 -209 -93 76 
221 80 46 583 67 -140 385 -56 -137 -393 -349 208 -358 4 196 -113 -185 50 126 -126 20 276 -34 21 
3 -142 50 -51 -90 105 -87 -159 120 89 -49 59 177 -22 10 21 -170 21 -100 -76 146 -1 1 83 
-26 -64 20 -88 -71 102 -51 -5 83 -35 -8 107 109 54 33 -120 -87 47 -173 -38 27 8 49 120 
35 3 30 -5 15 57 -56 -36 79 -16 -37 63 -52 -13 89 -86 3 96 76 49 62 67 24 87 
-228 -131 94 31 2 28 152 -14 52 82 -67 30 1 -58 70 -65 -50 106 -178 -119 120 -23 -67 60 
149 41 76 68 -46 68 -46 -102 83 -80 -33 49 -120 -3 115 -36 -21 134 88 50 63 133 3 34 
-211 -118 130 -162 -24 104 5 2 108 44 7 69 84 40 88 83 -6 26 -91 -58 64 -134 -31 119 
22 5 83 34 -6 73 51 -48 51 -52 -85 79 -17 -40 114 -3 -40 110 -13 -63 63 -17 -43 117 
8 -37 98 67 -58 72 67 -41 82 -18 -200 63 121 -171 -14 98 -83 35 -6 -180 54 3 -122 79 
132 -94 67 -7 -211 26 -64 -143 99 57 -112 98 33 -129 49 87 -61 45 35 -75 56 -48 -76 48 
-25 32 55 -40 13 99 -46 54 135 3 66 113 -110 28 145 -53 11 108 -31 -4 92 40 -9 113 
-1 -65 66 6 -32 99 -24 -80 101 90 -45 67 70 -66 61 77 -131 27 -33 -173 82 66 -97 85 
67 -160 61 57 -147 39 -1 -173 104 8 -131 41 24 -86 98 -50 -98 69 -12 -97 63 29 -25 74 
-8 -42 34 -71 -62 -9 51 7 77 -56 -5 99 -121 -20 117 -48 -21 78 -26 -11 110 38 0 80 
-29 5 100 -47 -28 106 0 -56 53 12 2 116 -18 -45 86 0 -82 93 83 -106 69 120 -121 12 
-20 -190 72 38 -130 72 92 -88 76 75 -95 43 -21 -83 112 -40 -89 115 -17 -65 108 116 18 90 
-80 -90 97 -33 -36 74 24 11 75 -2 -19 51 -73 -4 30 -46 54 68 -2 40 77 -41 20 72 
-56 4 97 -22 -5 81 -3 22 109 3 -52 65 -57 -89 65 -31 -87 103 29 -89 72 52 -95 51 
71 -148 14 73 -139 7 60 -100 66 -59 -167 101 -36 -179 71 23 -88 73 98 -46 84 2 -96 99 
39 -56 68 27 -38 117 -35 -72 112 -62 -51 63 4 16 80 9 80 91 33 67 54 -35 77 39 
-132 -7 77 -78 55 128 39 100 118 33 26 59 -41 0 86 -26 47 125 -76 52 119 -46 31 80 
0 -2 101 95 7 92 45 -27 120 -25 -90 62 -37 -75 81 -9 -59 108 40 -38 53 12 -118 28 
43 -27 69 -66 3 123 -74 -40 59 -27 -41 52 -8 8 63 71 8 2 -92 -2 58 -38 78 92 
-68 23 68 -86 59 103 -64 17 65 -44 34 106 -38 13 129 8 21 102 1 22 114 50 38 77 
-101 -48 123 33 52 93 2 11 94 -41 -89 113 -53 -215 46 86 -136 1 235 -93 -8 49 -203 20 
71 -162 -10 -28 -123 84 -80 -170 76 85 -108 2 208 -17 13 51 -77 70 -236 -159 128 15 -22 -20 
100 44 94 -61 15 53 -121 -17 80 2 -1 -10 -75 0 114 -119 21 143 75 38 51 -3 -34 30 
-152 -88 57 42 52 79 49 -15 67 -32 -26 66 -28 -70 51 -12 -130 -5 -45 -93 98 35 -4 88 
62 -69 48 -38 -165 77 -57 -169 76 2 -65 110 135 -12 83 129 -58 35 -79 -139 15 -108 -56 174 
-44 -67 107 62 16 76 80 -16 27 -88 -106 44 -74 17 21 40 -12 -5 38 54 62 -59 36 63 
-55 110 81 -4 61 39 -110 49 107 9 64 73 8 -2 62 -50 -40 46 -19 6 61 -67 -12 78 
59 -13 4 -33 -70 62 12 -56 23 -104 -138 25 13 -67 29 128 0 35 98 -40 42 -44 -68 116 
-106 -124 -35 32 -71 14 -3 -7 61 31 -21 20 27 -11 26 41 3 65 -94 -43 30 -204 -24 10 
-3 91 26 38 85 13 10 86 29 -77 70 53 -194 37 87 -101 46 90 60 76 98 60 67 59 
-13 -45 40 -7 -45 -3 -40 -6 33 -82 -33 33 -1 -38 10 71 -11 17 49 -69 0 -22 -122 15 
32 -152 -34 -3 -148 -47 24 -95 4 81 -57 -3 -49 -172 -36 -26 -109 -54 8 -64 20 -13 -91 21 
-53 -116 3 48 -43 -63 54 -14 7 -87 14 46 -77 -10 95 -90 0 -51 -20 31 45 -35 43 73 
-33 30 90 46 13 45 -36 -31 12 -188 -12 81 -6 60 78 45 33 23 72 66 23 8 18 59 
-81 -41 47 -59 -50 79 12 -42 48 56 -110 24 18 -116 -3 0 -164 -6 19 -157 -8 14 -133 44 
-41 -176 5 4 -180 -11 95 -78 10 99 -33 27 37 -91 20 38 -60 -16 -65 -104 130 -220 -95 -40 
-38 154 138 106 114 -73 35 23 -107 -148 90 37 -126 53 -19 -116 48 -48 -41 78 29 30 96 19 
-33 33 35 -79 11 51 -94 -31 94 -7 -33 25 72 -11 27 115 -56 9 6 -94 15 101 -69 -17 
14 -104 0 40 -158 -17 -19 -178 -4 -50 -172 14 32 -118 4 72 -56 -10 97 -27 19 55 -45 9 
-144 -107 37 -6 -21 33 72 -1 1 24 2 21 -26 3 -30 -7 -4 -27 -3 43 -21 0 79 58 
-186 27 49 -88 24 25 102 50 -13 -28 85 52 -142 25 112 -82 9 28 6 17 109 -19 -19 -10 
-19 33 153 27 -20 46 77 -148 3 -53 -162 -3 61 -9 77 102 -85 -17 -9 -143 -47 14 -72 37 
34 -102 -29 -28 -134 -7 -6 -31 51 79 -29 23 -26 -65 -11 3 43 39 -47 10 33 -94 32 119 
-43 17 38 -29 6 24 -7 75 58 -124 -5 56 -14 -37 10 49 -35 -5 15 -93 -24 -20 -43 28 
54 15 53 -105 -109 25 -198 -104 82 13 -25 37 -22 -135 -30 -25 -69 -5 79 -45 -49 -9 -46 -64 
-46 -29 -105 -18 -28 -41 -111 -2 23 -103 2 22 -2 15 -13 -6 3 -9 -29 1 -43 -84 -12 -46 
-85 22 -8 -17 4 -42 60 57 1 -1 -5 -28 -17 -13 -47 -119 20 15 -59 25 -7 -151 12 -11 
85 44 -5 -74 -32 -5 -66 13 46 16 -11 -16 -110 1 96 8 31 37 -29 -78 74 42 -56 25 
25 13 -38 19 80 7 -108 95 16 -46 60 -1 -30 116 77 -137 49 83 -81 -1 -17 -38 32 26 
-45 14 22 -76 3 38 68 52 24 -3 -2 7 -76 1 34 -24 -7 51 -25 -82 56 14 -147 -25 
92 -78 -25 17 -73 16 -66 -129 -5 6 -63 15 18 -20 47 -44 -106 27 57 -80 -26 11 -60 21 
-2 10 57 -17 21 54 -37 -13 32 -38 -34 -35 -58 52 -8 -37 143 119 -68 65 83 -6 59 -6 
-175 3 6 22 89 32 12 86 110 -76 9 5 -58 1 31 -48 0 58 -121 -57 43 85 102 47 
-6 -105 35 -104 -136 41 -7 -138 -25 35 -95 -11 82 -36 60 69 -41 -33 -75 -160 -57 -169 -68 -22 
-58 42 109 44 36 30 93 25 47 -101 -4 10 -131 112 72 -76 98 49 4 116 46 21 178 56 
-145 190 78 -80 135 45 -132 80 29 -86 134 84 -46 112 30 -65 108 72 -34 96 56 -8 73 99 
-78 12 103 27 -32 35 -8 -128 -35 76 -83 31 115 -75 -77 25 -44 49 -23 -100 -23 -91 -55 60 
38 -60 43 -129 -79 13 98 16 8 74 -5 -37 -94 -2 16 -87 33 52 -33 17 28 -8 66 31 
-92 101 47 -16 127 44 -129 92 69 -100 139 76 -28 100 68 -7 54 -9 -54 76 47 -92 50 62 
-38 10 70 -41 5 63 -61 -15 70 -80 -62 18 6 -55 -12 152 26 -41 135 16 7 -88 -78 27 
-55 -23 40 -121 -69 56 -18 -59 2 84 -3 19 162 -11 -39 -19 -61 -36 -132 -3 62 -54 21 64 
-35 24 50 47 51 -44 -60 10 -62 -97 109 3 -68 158 53 -91 76 43 -17 72 -30 -87 85 69 
49 83 19 -103 63 34 -16 82 65 -85 51 37 -104 71 71 -22 78 43 31 64 46 22 68 50 
17 27 35 -71 -62 35 -34 -18 80 -34 -47 62 38 -116 -21 106 -80 -5 12 -144 -17 -42 -76 1 
-25 -34 4 38 -20 11 -2 -74 -31 -122 -24 -5 -25 0 32 23 -19 -29 -20 19 -32 -47 24 -7 
-91 25 -66 8 49 48 -99 -1 27 -50 -77 -104 16 95 -10 46 175 160 -32 79 20 -91 -31 8 
-201 -55 40 -174 21 6 88 85 64 239 24 -82 137 -58 -97 -29 -60 -7 -405 -187 121 -194 -5 -65 
130 -50 -45 75 -30 -36 -162 -102 -11 -101 -60 20 -23 2 47 24 -38 19 56 -23 -79 -41 -18 -45 
-110 18 23 -101 89 -5 -24 97 32 -74 41 1 -85 84 18 -31 82 -11 -25 50 18 -51 66 44 
-51 58 -3 -93 27 6 -24 85 56 -76 -28 92 84 -99 -59 64 -82 -24 -41 -60 61 -8 -139 -16 
89 0 -10 88 44 69 -1 -23 24 -112 -42 44 -83 -7 89 44 27 10 -1 51 31 -46 61 59 
-58 35 41 116 107 46 -69 3 15 -181 -19 -27 -98 80 53 1 110 36 83 107 16 -14 68 28 
-113 24 23 -213 -13 -20 -29 55 44 126 71 -21 103 65 -29 -124 63 52 -100 12 37 -125 15 70 
73 43 -9 -21 -19 25 46 4 36 41 -42 -2 30 -64 6 -28 -107 1 -64 -93 -22 -26 -66 43 
100 7 18 -27 -63 -26 -45 -61 5 -87 -27 20 15 19 16 76 40 27 -147 -21 -2 -24 13 0 
-82 52 13 -2 72 19 -73 -7 -25 -64 96 -16 -30 133 79 25 101 26 -30 61 20 -73 24 29 
-123 -14 41 22 70 66 13 3 2 -3 -36 -19 16 13 -33 -123 -17 -2 -34 0 -56 41 48 0 
-211 -30 31 -80 -3 -4 120 32 -10 72 8 -67 -114 0 4 -49 63 -63 -38 28 -6 -190 -25 -14 
-46 108 116 37 75 -1 74 99 0 -67 58 -30 -145 6 -18 -180 84 31 -86 48 36 47 44 -40 
-46 -10 -60 -27 41 -62 -157 52 10 -86 80 21 7 65 -9 -16 45 25 -35 8 -32 -72 -23 -104 
-76 110 79 -61 68 -41 -47 69 6 6 105 55 -163 16 66 -185 14 60 168 51 -40 152 40 -2 
-133 124 -4 -90 182 63 31 156 -21 -143 68 30 -154 148 100 -95 104 32 -129 48 -50 -13 183 95 
-64 33 -4 22 -31 -8 -30 38 24 -60 -3 21 -112 -3 66 47 37 44 134 21 5 30 -68 -30 
-101 -133 8 -1 -46 53 22 -35 67 42 -10 46 5 -57 33 -102 -106 -43 65 47 -5 -40 89 108 
-20 -14 29 -23 -43 -7 -19 14 12 -39 -33 -24 -88 75 -42 -45 123 70 -28 117 58 -49 92 78 
-147 -31 23 -38 -2 0 8 73 60 1 11 5 -13 -54 -5 -9 -80 -21 25 -7 28 -85 -26 56 
30 -44 -31 46 -21 -12 49 14 27 -13 -20 87 -58 -70 27 10 -54 38 64 -38 9 -30 -103 15 
36 69 52 27 53 57 -72 -72 -8 -26 -17 -52 3 77 52 -159 13 18 -164 30 -2 54 146 42 
-92 -22 -34 -254 33 45 27 115 22 39 56 3 -36 56 25 -69 40 3 -62 -24 6 -28 31 -1 
-46 -39 30 1 -75 23 -25 -12 40 0 -12 32 54 -68 42 9 -108 5 32 -140 -13 45 -137 -39 
-7 -100 44 25 -126 -14 17 -114 25 -2 -82 34 7 -95 14 -42 -100 24 -66 -62 50 11 -14 54 
-16 -16 65 7 0 55 -40 -24 40 -51 -38 15 12 37 75 -10 56 78 -74 -26 20 -66 -5 63 
25 -13 -9 -73 -71 4 -48 33 105 -17 8 44 -11 -37 1 17 25 66 -32 -30 65 -98 -91 37 
31 -37 71 129 -67 -10 -36 -142 -3 -10 -75 33 32 -70 7 -45 -108 28 -63 -94 70 15 -103 40 
104 -79 5 14 -74 19 -110 -99 58 -69 -43 18 59 1 29 61 10 0 -82 -17 4 -66 -26 13 
-42 -20 74 -87 -39 20 -42 15 69 5 9 33 29 -8 7 -15 3 49 -97 -23 64 -151 -68 48 
37 8 38 103 7 3 25 -68 2 -32 -101 45 -13 -114 13 38 -88 -9 -7 -73 1 -28 -108 -22 
13 -26 43 -4 -51 42 -42 -79 47 -72 -106 0 19 -50 -12 39 -32 -14 4 -49 11 61 -40 -27 
-46 -92 -21 -59 -14 -22 15 53 -5 -33 35 -1 -93 12 27 -58 5 -35 -96 11 -25 7 70 46 
-15 19 23 -25 30 46 28 18 14 -67 -5 28 -116 -18 61 -115 -9 77 1 -7 64 140 6 -20 
48 -51 2 -54 -92 16 -71 -125 4 -10 -148 0 52 -55 26 67 -39 -15 -12 -61 -9 -87 -74 54 
23 17 59 -20 -55 18 -70 -46 17 -32 -21 9 9 -17 46 32 -16 3 4 -37 -9 27 -16 -42 
-57 30 -25 -208 -1 -10 -84 12 -28 74 137 46 29 64 -14 -41 7 -28 -160 48 37 32 12 -51 
-119 23 15 -172 3 14 9 59 -18 -40 28 -3 44 44 -39 -15 43 22 -132 5 39 -74 17 29 
51 -10 11 78 -25 -16 -129 -99 12 -67 -22 -55 50 9 -13 -53 28 18 -139 11 6 -123 -33 -4 
76 -59 -10 -58 -130 -95 -79 -79 -76 -16 42 24 -72 -26 -33 -8 -6 11 -28 -13 -28 17 0 -1 
-23 -24 -6 49 -25 -36 -128 -93 10 -227 -67 -78 22 4 -112 232 8 -83 -66 -72 -48 -157 -83 -193 
-46 57 35 86 -4 -81 -62 -65 -113 -50 8 -71 -94 -75 -50 -210 -14 -34 6 28 -18 112 -121 -182 
-19 60 -47 -139 -27 -80 -197 -76 -72 -6 -24 -53 79 14 -31 43 24 -50 -60 -28 -58 -42 64 -12 
-126 -37 -35 -141 34 91 9 -54 -81 92 37 34 -35 35 53 21 -16 -12 -131 -138 -38 -129 -83 -18 
35 -97 -59 -28 2 -49 100 -15 -38 -44 -37 -43 -51 8 81 -6 -71 -21 -14 -85 5 -24 -55 0 
-17 -54 2 121 -58 -23 35 -168 -113 -5 -96 4 -99 -56 2 -148 -73 11 46 -14 -5 93 -80 -94 
-127 -23 80 -137 -29 80 0 -1 47 82 -18 -52 15 -92 -103 -158 -16 -44 14 196 113 0 51 -1 
-6 69 46 -67 38 -18 -161 27 38 -93 104 67 -38 37 -6 50 62 17 -74 65 62 -45 52 39 
-54 2 87 -59 -90 8 41 -101 -75 51 -23 4 71 -32 7 9 -60 -20 -115 -68 5 -40 -51 36 
-206 -96 47 98 -3 13 161 -100 -59 69 -31 -24 -37 30 55 -207 -51 33 -53 19 20 27 29 19 
-52 42 28 -35 22 47 26 6 -13 -10 1 -31 -119 29 40 -31 56 11 -61 24 32 -63 43 38 
-75 -23 59 -20 -2 101 34 -13 24 85 -48 -16 24 -29 -3 -67 -54 13 -66 -77 9 43 -10 4 
49 -27 -8 -12 -46 29 -74 -78 9 32 -53 -21 -40 -51 -8 -26 -16 -2 0 -29 -10 -40 -61 -36 
12 -2 -17 -77 10 -1 -75 49 1 -57 41 -7 -46 97 -15 -11 140 -3 -63 157 72 -61 76 6 
-27 78 35 -59 35 0 -72 99 49 -6 113 34 -93 49 54 -94 65 38 -13 34 -68 -50 85 -6 
-84 85 85 -69 75 44 -32 59 73 30 64 28 24 -22 7 -39 -30 -28 -53 23 30 -13 -4 5 
-53 19 16 -87 -56 -27 -16 24 29 17 4 20 -39 43 62 -67 -67 10 -30 -72 -59 -37 -57 -21 
16 61 19 -49 57 21 -20 24 -34 -21 -12 -9 -106 -40 -35 -58 -32 -77 -13 44 -7 2 24 -63 
-59 59 14 -165 16 26 -77 64 36 -42 3 33 -12 12 28 43 -12 -23 -14 21 19 -16 26 35 
-58 -53 13 -21 -68 -23 59 -5 -38 60 11 11 -87 -72 8 57 -50 -64 8 -67 -5 -85 -45 -25 
-40 36 40 -7 31 14 24 16 1 -56 -9 -26 -75 27 -39 -81 31 -25 -19 37 -44 -32 69 -19 
-45 10 15 -91 0 25 5 23 -125 -86 66 21 -57 73 23 -53 43 -21 -38 15 -22 -25 4 -31 
-70 -21 -29 -82 15 -2 11 26 0 -34 -6 -46 -32 -3 15 -34 -7 33 29 -20 48 51 -107 -23 
34 -74 -11 -74 -74 12 -108 -95 19 3 -87 -34 57 -59 11 34 -71 -30 -54 -102 -21 -73 -74 -50 
-1 -30 -31 -56 -42 -12 -60 34 -29 -32 21 -8 -58 3 18 -12 6 -40 -103 41 40 -101 37 -46 
-66 82 33 -78 34 -12 -5 35 -30 -59 28 -13 -27 70 1 -92 8 -17 -105 16 -2 3 48 0 
7 57 18 -105 32 31 -14 29 -5 39 -29 11 -6 -64 19 -23 -73 16 0 -64 8 20 -82 -77 
34 -76 -29 -2 -65 -27 -29 -55 -27 -36 -12 57 -33 -26 24 37 -9 7 -10 -67 -25 -38 -66 -39 
