17 -9 -324 12 -18 -332 3 -30 -333 37 -24 -334 43 -34 -376 44 37 -331 25 -13 -350 7 6 -333 
4 -14 -316 5 -12 -311 20 -3 -304 21 0 -313 17 5 -338 23 5 -325 22 -1 -328 20 11 -330 
11 0 -331 12 9 -327 11 7 -325 28 2 -322 10 2 -333 10 3 -325 9 8 -334 4 6 -329 
22 10 -320 32 -16 -319 27 -2 -313 8 0 -310 -4 2 -319 16 -1 -313 16 3 -330 10 1 -329 
16 -3 -321 17 1 -317 -3 -25 -340 22 -28 -308 39 -7 -339 22 -25 -325 38 -50 -342 22 -12 -308 
40 64 -332 20 74 -407 -48 84 -407 43 154 -357 23 83 -418 40 52 -420 17 70 -448 3 94 -461 
24 92 -479 23 69 -496 59 115 -446 65 52 -444 41 73 -450 61 57 -516 75 82 -503 94 94 -478 
85 89 -506 93 46 -553 131 14 -573 119 20 -603 143 8 -564 171 6 -496 134 27 -477 49 -19 -521 
80 -9 -529 121 -76 -474 90 -68 -490 120 -69 -449 98 -64 -388 133 -75 -397 125 -70 -424 138 -97 -391 
33 -58 -357 20 -78 -389 64 -43 -374 56 -113 -348 59 -92 -374 57 -108 -365 55 -130 -386 52 -104 -401 
59 -76 -401 84 18 -338 140 -10 -310 129 -82 -359 31 -85 -406 -63 -96 -438 -83 -135 -507 123 -187 -465 
258 -65 -422 137 -53 -406 39 -44 -461 20 -52 -487 46 -113 -519 68 -153 -558 116 -11 -466 269 30 -375 
76 60 -437 -6 -34 -511 -39 10 -518 43 -113 -623 198 -77 -504 216 -30 -430 138 6 -390 -35 -41 -473 
20 -49 -458 119 -36 -386 150 -4 -388 122 75 -388 -9 -19 -515 42 -40 -490 -9 -75 -433 91 -127 -580 
169 -20 -443 226 -32 -356 148 -40 -402 55 -65 -491 24 -103 -528 121 -94 -508 182 -131 -503 178 -69 -471 
97 -97 -469 41 -101 -491 36 -124 -472 128 -46 -427 181 -56 -414 122 -116 -455 43 -89 -411 22 -83 -376 
46 -86 -391 55 -57 -377 116 -61 -403 123 -3 -365 62 -27 -391 44 -51 -465 64 -121 -507 169 -72 -422 
132 -86 -437 104 -58 -491 112 -80 -531 71 -19 -480 35 -38 -522 122 20 -460 110 -45 -502 115 -78 -532 
134 -51 -451 96 -97 -480 155 -27 -435 64 -3 -414 32 24 -426 -11 51 -454 60 46 -295 15 80 -425 
40 -72 -396 67 -55 -318 50 -107 -321 -13 -26 -378 19 -73 -427 107 -27 -354 161 -51 -334 122 -58 -372 
27 -66 -450 58 -48 -355 21 -90 -393 17 -48 -383 130 -128 -437 99 -111 -390 111 -48 -411 71 -57 -400 
70 -163 -488 66 -106 -409 101 -94 -387 84 -62 -411 64 -46 -342 65 -65 -406 18 -97 -382 74 -88 -364 
51 0 -321 50 -88 -357 33 -2 -418 53 -3 -429 97 -57 -460 122 -107 -486 81 -53 -456 94 23 -436 
85 -44 -469 61 26 -474 67 -14 -475 111 3 -473 127 -1 -472 36 55 -408 17 34 -433 58 5 -471 
84 60 -431 72 -15 -487 94 -18 -467 81 -49 -392 81 -91 -465 57 -11 -417 46 -77 -443 60 -53 -438 
95 -27 -397 31 -37 -392 31 -50 -446 37 -75 -393 178 -14 -391 120 -2 -362 119 -45 -412 5 -107 -400 
69 -165 -412 88 -94 -373 135 -62 -369 125 -38 -391 77 -19 -372 32 -22 -440 23 -33 -470 69 -48 -455 
126 -108 -487 79 -85 -485 59 -107 -486 70 -109 -421 76 -55 -413 85 -12 -393 45 -74 -459 68 -38 -396 
120 -60 -390 107 -31 -423 62 -13 -432 4 -91 -374 181 -121 -399 166 -84 -423 75 15 -416 35 97 -478 
8 123 -375 89 98 -372 9 60 -400 32 49 -403 21 22 -415 36 70 -425 28 -9 -444 11 -18 -408 
61 -50 -435 55 -72 -382 46 -122 -435 71 -100 -390 46 -51 -433 131 -54 -325 108 -23 -296 7 -36 -294 
24 48 -343 30 11 -409 40 1 -404 120 -54 -459 104 -70 -434 87 -50 -442 96 -103 -509 108 -87 -491 
157 -42 -462 116 -85 -516 100 -88 -480 87 -74 -438 89 -59 -464 89 -57 -407 96 -60 -470 48 -27 -419 
91 -66 -396 95 -101 -392 54 -76 -354 22 -39 -334 57 -28 -409 39 -38 -403 71 -41 -376 48 -62 -440 
57 -87 -384 56 -24 -438 85 -8 -391 92 -9 -391 67 40 -369 70 28 -360 29 13 -363 -37 15 -455 
57 20 -374 71 -25 -418 30 14 -426 72 -79 -434 113 -62 -397 67 -110 -382 52 -63 -380 68 -64 -342 
84 -33 -345 19 -12 -295 -16 -61 -370 17 -73 -378 70 -67 -324 68 -59 -387 51 -68 -372 78 -57 -360 
49 -41 -384 29 -79 -425 33 -112 -449 96 -109 -423 153 -54 -371 134 -68 -391 51 -54 -381 48 -77 -409 
58 -89 -400 40 -69 -360 87 -6 -347 98 -45 -390 42 -60 -396 26 -64 -363 73 -90 -502 107 -45 -389 
92 -72 -447 112 2 -383 70 10 -406 48 -19 -475 48 -50 -479 91 -2 -467 89 25 -423 83 3 -408 
67 0 -450 60 -10 -486 68 -13 -419 94 -5 -442 98 -15 -399 54 -36 -408 29 -42 -425 25 -66 -380 
95 -38 -403 87 -26 -349 70 -51 -339 -33 8 -432 24 -110 -375 101 -24 -362 96 -47 -337 70 -68 -436 
-40 -66 -445 63 -125 -416 84 -136 -431 109 -99 -371 150 -45 -371 89 -32 -330 76 -59 -409 30 -93 -386 
46 -24 -338 45 -113 -419 72 -36 -343 102 -108 -428 63 -92 -436 30 -96 -473 77 -66 -422 155 -48 -409 
89 -86 -454 16 -139 -506 36 -123 -480 130 -117 -439 216 -35 -351 134 0 -382 19 27 -414 -2 69 -426 
54 -47 -453 91 -21 -471 82 -11 -462 37 -63 -432 -31 -77 -508 83 -93 -389 -24 27 -500 59 -124 -413 
34 -28 -358 96 -90 -357 38 -50 -339 49 -64 -307 46 -30 -305 73 -19 -358 128 -277 -357 5 -87 -346 
61 -105 -393 90 -164 -419 157 -78 -301 123 -70 -355 25 -97 -364 50 -137 -415 85 -80 -385 89 -81 -405 
73 -96 -397 92 -98 -406 21 -144 -381 58 -90 -402 124 -110 -381 137 -121 -405 92 -139 -419 94 -137 -440 
121 -128 -414 139 -112 -415 155 -106 -416 56 -66 -432 62 -87 -459 96 -95 -462 146 -63 -470 137 -113 -492 
80 -32 -473 81 -59 -439 100 -49 -466 101 -50 -421 56 -22 -454 55 -31 -488 65 -32 -368 85 -47 -404 
31 -47 -398 -21 -47 -432 68 -142 -401 98 -67 -355 123 -100 -328 103 -75 -403 51 -95 -404 11 -60 -438 
93 -90 -359 154 -42 -320 138 -79 -352 86 -121 -458 -87 -138 -443 55 -163 -419 111 -80 -380 130 -90 -371 
14 -93 -351 23 -71 -411 72 -103 -391 145 -68 -372 78 -119 -368 34 -84 -319 -35 -100 -384 51 -68 -307 
117 -45 -348 63 -44 -379 5 -82 -432 66 -46 -442 141 8 -407 106 -30 -463 90 -62 -462 35 -29 -430 
57 -48 -456 75 12 -464 73 -6 -376 21 18 -423 24 -34 -414 -24 16 -419 45 -15 -392 92 -69 -361 
102 -76 -358 72 13 -352 14 -14 -334 37 -13 -336 101 54 -359 16 17 -424 87 -101 -390 72 -70 -464 
59 -86 -476 136 -32 -439 135 -51 -469 116 -50 -536 177 -49 -445 174 -48 -500 76 -107 -487 74 -25 -495 
124 -85 -472 46 -84 -441 94 -89 -461 86 -61 -411 63 -66 -372 55 -44 -371 89 -42 -375 73 -30 -397 
55 -65 -427 2 -59 -437 94 -69 -471 130 -60 -466 159 -74 -465 100 -47 -443 169 -83 -482 49 41 -471 
74 -14 -407 102 39 -459 61 -7 -424 39 -42 -473 20 -38 -509 114 -28 -409 121 1 -413 65 -98 -431 
16 -74 -419 134 -88 -427 154 -20 -369 120 -139 -433 10 -132 -408 29 -118 -446 133 -85 -341 169 -62 -342 
50 -95 -427 -17 -126 -473 74 -73 -398 184 -115 -398 143 -143 -431 56 -120 -470 60 -114 -407 82 -133 -390 
136 -119 -380 90 -86 -408 65 -52 -335 84 -51 -376 21 -3 -381 23 -104 -434 78 -69 -411 85 -116 -474 
133 -126 -505 74 -77 -479 53 -50 -454 98 -26 -405 107 -50 -419 80 -5 -408 49 -3 -419 -1 -22 -467 
53 -44 -413 70 -17 -387 57 -51 -406 57 -48 -391 66 -58 -409 74 -61 -449 87 -69 -363 122 -71 -428 
11 -153 -497 56 -80 -404 148 -122 -403 124 -81 -369 108 -141 -482 56 -98 -425 109 -83 -366 135 -146 -428 
128 -181 -427 31 -38 -368 33 -108 -445 120 -52 -341 95 -120 -391 35 -122 -424 51 -105 -445 107 -99 -471 
153 -74 -428 117 -72 -462 99 -75 -492 134 -73 -430 179 -64 -467 122 -76 -492 57 -5 -457 102 -72 -494 
27 -44 -487 32 -54 -420 36 16 -417 87 -15 -427 84 20 -392 47 -52 -429 43 -35 -430 59 -75 -402 
87 -73 -430 113 -118 -396 75 -106 -387 73 -101 -442 68 -20 -353 126 -45 -413 118 -78 -431 95 -101 -432 
93 -105 -406 111 -115 -414 162 -103 -426 97 -50 -418 92 -116 -477 26 -131 -439 120 -138 -443 118 -105 -364 
66 -90 -389 43 -150 -435 111 -59 -388 84 -108 -373 77 -46 -390 90 -36 -431 42 -4 -399 99 -58 -458 
71 -35 -461 125 -32 -418 109 -64 -467 56 -7 -461 74 -80 -481 92 -27 -428 52 13 -419 56 5 -390 
52 5 -406 -4 32 -391 20 -27 -389 81 -9 -379 55 -46 -408 94 -80 -405 72 -74 -456 72 -104 -407 
84 -98 -401 117 -100 -429 77 -67 -416 63 -56 -417 86 -57 -442 104 -71 -434 99 -68 -420 93 -90 -393 
110 -41 -371 102 -142 -461 66 -97 -435 32 -146 -465 92 -139 -413 79 -174 -424 106 -47 -307 100 -54 -371 
70 -50 -370 24 -72 -375 71 -59 -379 105 -42 -352 48 -107 -412 69 -63 -481 133 -61 -409 84 -108 -432 
67 4 -423 56 56 -426 92 22 -393 2 69 -389 11 14 -409 0 7 -397 33 -41 -401 51 6 -356 
73 5 -348 2 -4 -367 0 -40 -356 77 -77 -389 102 -29 -371 82 -38 -366 80 -16 -364 37 -44 -330 
21 -78 -378 25 -6 -346 57 -41 -420 127 67 -349 101 -116 -429 68 -75 -385 72 -132 -487 107 -134 -464 157 -106 -406 155 -98 -431 66 -74 -412 26 -102 -433 78 -83 -384 85 -50 -408 123 -90 -373 98 -118 -463 59 -73 -383 80 -74 -385 104 -34 -396 132 -93 -463 63 -38 -465 47 -102 -497 108 -32 -399 135 -8 -391 
-1 11 -447 9 8 -432 97 -53 -404 152 -47 -436 131 -23 -392 -1 -73 -427 -18 -67 -397 43 -114 -400 
175 -55 -410 45 -31 -360 -23 -42 -423 37 -70 -394 118 -74 -365 107 -107 -447 69 -66 -426 87 -110 -467 
96 -114 -491 103 -93 -411 101 -89 -456 139 -90 -381 157 -120 -510 98 -141 -469 96 -132 -452 94 -163 -438 
98 -156 -384 65 -106 -377 82 -81 -388 133 -132 -408 99 -29 -331 42 -142 -421 5 -45 -446 110 -50 -407 
123 -22 -406 135 -52 -454 72 -3 -398 64 -72 -461 54 -48 -435 54 -58 -431 40 -49 -406 46 -17 -445 
85 -43 -389 45 9 -370 59 -95 -428 45 -70 -448 54 -103 -450 72 -60 -431 87 -45 -408 92 -82 -448 
182 -149 -507 77 -78 -420 107 -106 -435 86 -106 -432 39 -135 -432 89 -119 -432 181 -101 -433 130 -130 -381 
8 -155 -330 53 -27 -360 135 -94 -373 96 -49 -390 42 -64 -439 64 -64 -490 106 -12 -403 132 -82 -478 
72 -90 -504 65 -58 -448 99 -54 -446 92 -55 -455 75 13 -386 53 -33 -444 7 -10 -495 39 -23 -365 
72 34 -325 91 -80 -445 34 -116 -449 37 -64 -427 95 -82 -431 156 -46 -374 130 -78 -428 19 -96 -439 
92 -80 -427 157 -115 -457 124 -81 -420 101 -112 -494 73 -136 -416 146 -143 -530 164 -125 -398 114 -65 -414 
71 -104 -424 77 -82 -388 77 -113 -414 104 -24 -372 118 -57 -438 75 -47 -427 34 -100 -449 49 -66 -478 
190 -70 -471 173 -97 -490 118 -61 -510 69 -65 -497 78 -9 -513 128 -40 -413 99 9 -415 75 -41 -464 
30 -34 -465 68 -61 -425 100 -44 -443 99 -71 -424 68 -97 -488 46 -119 -450 78 -86 -426 157 -71 -390 
103 -83 -414 44 -55 -469 50 -55 -436 58 -143 -458 129 -142 -445 148 -132 -424 107 -87 -388 150 -85 -499 
96 -75 -391 59 -108 -458 66 -79 -430 132 -75 -418 89 -77 -433 70 -123 -457 82 -90 -460 127 -92 -444 
129 -68 -485 140 -90 -514 125 -73 -516 130 -106 -588 125 -47 -513 162 -60 -549 144 11 -429 150 -21 -466 
28 -50 -507 42 20 -476 122 -47 -478 125 -76 -463 99 -59 -483 47 -132 -460 72 -117 -441 148 -99 -418 
168 -22 -372 29 -54 -441 1 -104 -478 96 -79 -412 174 -96 -368 64 -93 -466 43 -81 -410 98 -19 -376 
73 -167 -446 160 -138 -475 141 -102 -418 125 -114 -414 55 -110 -389 29 -95 -373 10 -136 -432 81 -33 -342 
157 -37 -377 68 -78 -428 -55 -121 -506 97 -71 -434 211 -66 -409 224 -93 -452 79 -76 -578 19 -60 -521 
180 -9 -434 125 -45 -497 91 -65 -501 20 -37 -496 41 -65 -456 115 0 -344 93 -19 -437 34 -40 -453 
53 -44 -461 84 -67 -267 134 -87 -480 89 -59 -383 59 -134 -445 101 -40 -403 144 -128 -426 87 -68 -407 
81 -110 -474 200 -78 -404 74 -148 -495 120 -105 -427 50 -146 -470 125 -169 -439 111 -159 -524 82 -27 -436 
95 -94 -443 98 -1 -338 75 -108 -439 -55 -33 -455 83 -92 -553 150 -13 -372 132 -26 -473 90 -22 -433 
53 -65 -480 60 -52 -484 36 -19 -447 -14 -14 -477 51 -21 -371 111 39 -384 118 0 -407 74 16 -453 
86 -95 -471 -22 -150 -539 57 -87 -415 159 -118 -488 198 -39 -471 181 -76 -455 163 -71 -425 37 -152 -458 
82 -148 -398 20 -195 -485 208 -121 -389 216 27 -349 69 -163 -429 79 -140 -357 128 -112 -370 54 -103 -349 
65 -25 -417 70 -74 -294 48 -100 -438 99 -62 -397 21 -148 -536 84 -62 -465 170 -110 -497 140 -55 -448 
71 -61 -506 118 -37 -478 116 -6 -439 97 14 -415 -19 -53 -454 -42 -31 -492 89 -24 -342 118 -38 -420 
36 -182 -573 41 15 -440 176 -105 -443 142 -93 -444 116 -81 -445 79 -132 -496 132 -85 -424 146 -123 -414 
98 -123 -460 59 -103 -460 107 -158 -478 196 -138 -455 140 -120 -387 111 -88 -469 49 -123 -462 69 -101 -439 
117 -59 -388 155 -106 -429 95 -98 -448 69 -68 -377 115 -51 -421 171 -93 -475 127 -56 -470 35 -56 -460 
14 -11 -473 154 -18 -423 130 9 -467 110 27 -486 38 -28 -449 3 -11 -476 18 -107 -524 107 29 -391 
110 -56 -424 16 -32 -412 -27 -104 -449 64 -95 -429 107 -110 -441 129 -38 -375 81 -107 -466 59 -42 -414 
173 -63 -373 141 -88 -414 110 -128 -436 91 -177 -452 83 -147 -429 81 -161 -447 172 -78 -388 182 -101 -379 
6 -151 -454 17 -101 -425 105 -111 -391 103 -98 -354 74 -81 -397 57 -57 -399 64 -50 -425 83 -87 -447 
86 -56 -407 59 -38 -460 84 -56 -480 91 44 -456 109 -35 -449 82 12 -395 57 1 -350 -25 -43 -412 
33 25 -386 92 -173 -407 80 -112 -463 45 -30 -327 99 -102 -420 45 -35 -412 106 -21 -306 163 -81 -430 
-13 -92 -418 33 -159 -474 -10 -154 -464 208 -51 -415 234 -35 -272 116 -216 -598 87 -134 -423 122 -79 -369 
85 -74 -319 62 -118 -384 -8 -70 -373 80 -103 -447 118 -15 -350 122 -66 -365 66 -103 -418 85 -78 -380 
92 -23 -427 124 -32 -431 99 7 -310 22 -78 -512 9 -29 -433 61 -5 -344 38 -63 -478 99 25 -320 
13 -5 -419 35 -115 -467 77 -45 -404 106 -117 -436 62 -105 -438 106 -49 -419 90 -166 -481 94 -62 -386 
119 -81 -383 27 -156 -506 53 -135 -430 146 -133 -413 125 -142 -464 93 -116 -410 58 -106 -501 58 -94 -362 
79 -64 -344 56 -93 -396 105 -46 -365 118 -45 -407 39 -83 -451 3 -49 -476 148 -55 -408 136 -25 -457 
69 7 -460 85 -19 -454 105 -6 -484 91 46 -389 9 -48 -434 1 -4 -418 74 -9 -412 119 14 -373 
94 -69 -483 18 -14 -398 -9 -173 -497 85 -22 -373 172 -109 -418 163 7 -401 77 -135 -484 59 -125 -454 
168 187 -31 170 -534 -995 -11 100 -421 93 -386 -529 76 134 -450 220 -36 48 199 -214 -775 -124 21 103 
369 43 -534 54 -99 -60 71 -332 -952 53 236 149 -80 -505 -810 228 163 -243 -40 -224 -824 143 192 -395 
80 75 -672 194 73 -124 84 -68 -694 96 -3 -223 5 -126 -535 -48 44 -305 44 -47 -421 16 -9 -423 
116 58 -302 72 -179 -558 95 -149 -469 123 -99 -413 177 -118 -448 167 -102 -445 66 -120 -437 49 -190 -497 
199 -146 -391 107 -126 -379 133 -63 -446 108 -140 -391 100 -72 -401 99 -128 -391 111 -68 -379 58 -147 -462 
45 -120 -457 155 -39 -329 156 -129 -445 50 -153 -508 78 -70 -460 91 -100 -538 89 19 -402 94 -62 -391 
63 2 -422 31 17 -435 22 0 -418 91 1 -293 20 -77 -414 -29 -43 -420 113 -40 -354 140 -88 -330 
59 -120 -375 -85 -106 -433 -11 -56 -477 200 -53 -340 127 -99 -409 36 -135 -493 49 -119 -520 154 -183 -515 
190 -72 -377 156 -174 -505 68 -185 -495 72 -167 -418 100 -135 -395 163 -41 -364 95 -50 -391 40 -55 -383 
80 -34 -446 36 -187 -632 81 10 -361 208 -52 -386 120 -36 -405 91 -43 -430 40 -29 -408 33 -86 -486 
92 -39 -376 -27 -143 -502 89 -58 -436 172 -57 -327 165 -67 -404 21 -170 -394 32 -48 -361 23 -122 -325 
145 -46 -369 98 -118 -481 31 -153 -497 116 -44 -388 131 -127 -450 85 -138 -495 136 -122 -467 185 -168 -427 
125 -123 -344 48 -185 -455 9 -91 -409 107 -114 -416 148 -65 -393 122 -36 -461 140 -95 -409 131 -142 -494 
148 -76 -491 157 -125 -501 119 -54 -499 98 -33 -520 58 -13 -473 105 -71 -460 159 -37 -409 123 0 -358 
-14 -4 -422 83 9 -404 37 -53 -385 56 -92 -474 102 -91 -430 99 -115 -410 165 -159 -453 178 -97 -437 
118 -78 -370 41 -146 -475 80 -64 -349 104 -85 -428 121 -101 -421 137 -72 -426 85 -137 -452 124 -103 -499 
118 -90 -426 48 -140 -479 133 -53 -362 154 -56 -462 77 -44 -415 74 -92 -492 153 -41 -477 124 -42 -455 
96 5 -481 58 -61 -510 94 11 -486 113 8 -401 82 -24 -554 66 -46 -535 55 31 -375 108 -143 -540 
78 49 -302 144 -54 -464 73 -116 -467 114 -134 -434 134 -75 -397 87 -170 -463 69 -85 -423 148 -81 -447 
180 -58 -358 74 -121 -471 65 -104 -410 88 -59 -439 69 -117 -391 81 -90 -473 102 -64 -373 85 -108 -434 
102 -108 -448 113 -150 -431 76 -105 -513 72 -98 -375 109 -63 -397 89 -86 -422 84 -66 -452 71 -76 -494 
103 -56 -468 107 -74 -436 58 -12 -421 48 -120 -521 55 -72 -479 159 -3 -382 121 -67 -505 87 -22 -431 
94 -48 -434 99 -83 -512 121 7 -384 74 -49 -465 113 -8 -464 49 -66 -474 40 12 -426 85 -58 -492 
62 -90 -517 24 -73 -412 134 -29 -413 95 -17 -359 53 -79 -482 35 -76 -494 112 -91 -489 170 -57 -401 
126 -84 -577 7 -132 -508 50 -20 -519 163 -44 -527 266 -74 -596 364 -29 -552 287 -34 -647 209 -80 -597 
42 -89 -533 -18 -191 -596 148 -129 -579 289 -71 -540 309 -105 -569 191 -1 -598 166 46 -648 148 -12 -606 
167 -68 -598 135 -26 -613 65 -7 -565 193 -158 -587 114 0 -589 203 -43 -543 185 -93 -569 165 -120 -573 
181 -114 -523 183 -159 -565 189 -78 -520 181 -58 -470 167 -96 -510 104 -91 -458 142 -132 -533 166 -125 -516 
191 -155 -516 187 -65 -522 106 -99 -461 104 -144 -528 169 -123 -488 176 -120 -527 150 -52 -455 152 -50 -532 
154 -93 -605 139 -68 -618 167 -25 -592 178 -73 -578 158 -52 -567 149 -74 -640 211 -81 -622 170 41 -544 
121 -74 -518 190 -133 -611 76 -13 -568 170 -163 -548 183 -146 -559 151 -88 -514 179 -97 -523 133 -92 -513 
155 -153 -567 156 -69 -417 155 -75 -521 174 -108 -519 161 -90 -506 151 -135 -542 164 -132 -527 168 -184 -521 
143 -90 -460 119 -140 -531 131 -106 -569 250 -73 -451 204 -68 -456 107 -67 -566 88 -68 -527 124 -110 -630 
187 -86 -629 206 -12 -535 189 -2 -607 179 -73 -660 219 -74 -585 178 19 -527 69 -35 -582 192 -192 -568 
135 -126 -639 148 -46 -542 153 -104 -535 132 -101 -619 164 -156 -562 228 -67 -546 208 -99 -575 178 -52 -496 
133 -138 -544 150 -166 -591 159 -121 -521 263 -80 -514 210 -121 -604 182 -74 -467 135 -124 -569 125 -176 -567 
168 -170 -591 144 -84 -510 193 -85 -595 170 -47 -515 185 -30 -578 160 -68 -578 163 -84 -629 177 -23 -615 
196 1 -547 205 -38 -620 122 60 -534 166 -50 -597 175 -71 -605 172 -32 -563 168 -17 -557 161 -89 -585 
188 -73 -520 203 -96 -572 173 -80 -533 163 -108 -562 158 -50 -464 170 -105 -580 164 -93 -526 188 -167 -512 
188 -91 -475 183 -118 -552 109 -128 -496 172 -103 -567 153 -130 -497 148 -98 -513 180 -150 -553 152 -79 -538 
183 -144 -605 185 -47 -546 201 -35 -624 186 -46 -636 219 -13 -557 213 -53 -588 116 16 -569 162 -32 -616 
164 -43 -609 177 -35 -525 186 -45 -575 181 -33 -531 187 -114 -584 114 -77 -487 170 -150 -649 185 -81 -523 
227 -52 -498 120 -90 -550 152 -115 -619 134 -62 -508 248 -119 -602 210 -108 -509 142 -115 -587 126 -81 -552 
197 -186 -480 243 -97 -645 107 -119 -456 184 -90 -523 167 -121 -543 184 -82 -483 170 -62 -529 177 -98 -603 
149 -9 -561 150 -29 -638 202 -67 -615 230 13 -479 173 11 -582 131 -65 -653 109 -28 -646 37 -35 -618 
158 -45 -612 205 -87 -605 212 -64 -532 140 -128 -525 162 -105 -564 106 -117 -567 125 -115 -631 225 -48 -472 
239 -124 -562 164 -133 -605 177 -95 -505 180 -44 -502 209 -132 -548 176 -116 -544 148 -124 -550 124 -239 -645 
134 -113 -542 222 -163 -509 244 -53 -486 187 -83 -551 149 56 -468 208 -114 -649 79 -44 -635 171 -20 -572 
221 -65 -586 227 -14 -599 150 -4 -555 111 -72 -710 145 -87 -505 70 -39 -594 123 -100 -625 275 -90 -482 
172 -39 -559 133 -75 -525 107 -70 -513 178 -137 -580 188 -95 -466 173 -147 -562 127 -76 -517 165 -127 -566 
226 -110 -495 262 -92 -529 184 -188 -517 187 -56 -496 80 -73 -397 87 -117 -633 131 -84 -457 203 -90 -544 
205 -47 -564 170 -71 -583 104 -35 -628 156 -53 -613 190 -39 -585 193 -51 -643 194 -87 -615 105 45 -480 
159 -54 -506 115 111 -528 160 -79 -513 153 -68 -528 155 -51 -588 176 -134 -631 262 -60 -505 187 -82 -590 
179 -89 -519 209 -98 -578 193 -119 -470 233 -133 -522 161 -187 -621 196 -135 -609 187 -118 -524 187 -110 -476 
176 -37 -505 147 -180 -524 144 -116 -568 175 -187 -492 148 -68 -513 166 -43 -502 171 -91 -618 155 -50 -572 
173 -85 -603 163 -38 -573 162 -53 -585 189 -18 -578 148 -64 -641 90 49 -528 125 -71 -525 137 -31 -616 
189 -35 -567 154 -49 -560 157 -116 -560 129 -62 -570 157 -137 -574 218 -122 -593 189 -63 -481 199 -123 -555 
169 -80 -519 149 -141 -576 205 -120 -548 239 -124 -560 190 -223 -586 149 -121 -516 156 -188 -656 123 -120 -479 
237 -88 -484 224 -67 -509 94 -39 -547 73 -28 -534 167 -73 -591 199 -48 -579 182 -59 -611 237 20 -503 
171 -2 -553 83 22 -612 32 -46 -653 157 -82 -547 170 51 -502 197 -86 -549 216 -52 -565 158 -61 -465 
124 -76 -627 123 -100 -562 167 -56 -554 196 -117 -638 242 -3 -445 191 -105 -579 171 -194 -785 115 -50 -480 
167 -104 -565 262 -40 -389 316 -160 -511 381 -204 -1052 -13 -218 -581 184 -41 -416 191 -44 -504 281 -109 -483 
137 -60 -755 512 234 -173 113 39 -864 -151 -154 -791 221 -43 -509 331 -48 -561 370 21 -579 106 167 -421 
-17 -196 -628 64 -31 -483 247 19 -449 234 -28 -437 192 -17 -526 144 -97 -545 75 -60 -637 165 -91 -510 
260 -47 -481 173 -60 -559 98 -122 -546 127 -92 -458 200 -142 -623 159 -72 -514 208 -83 -539 117 -53 -528 
183 -119 -546 148 -62 -520 117 -91 -598 173 -19 -567 232 -71 -589 228 -82 -615 211 -2 -647 218 21 -644 
221 -44 -663 182 -29 -618 175 -18 -627 260 -90 -694 255 70 -476 254 -76 -780 148 -21 -652 173 35 -589 
200 -105 -529 186 -11 -548 135 -82 -635 130 -91 -665 245 -82 -612 271 -53 -571 263 -84 -576 216 -88 -641 
283 -94 -591 203 -110 -577 156 -118 -592 150 -155 -635 200 -94 -549 297 -219 -564 259 -18 -504 141 -134 -604 
63 -172 -612 130 -26 -512 244 -100 -452 250 -111 -477 92 -79 -547 104 -114 -526 201 -109 -586 188 -93 -616 
194 -134 -622 175 -38 -504 214 -80 -546 145 -95 -586 119 0 -550 149 -94 -564 156 -109 -526 192 -30 -541 
177 -55 -553 154 -119 -558 150 -156 -541 156 -133 -565 236 -73 -468 258 -44 -420 176 -179 -633 64 -99 -593 
162 -107 -547 234 -103 -518 272 -64 -435 206 -158 -649 202 -67 -491 97 -127 -578 64 -150 -564 88 -238 -724 
222 -147 -675 280 -14 -461 236 -72 -569 94 -31 -468 66 -89 -613 151 -127 -632 186 -59 -551 196 -122 -683 
191 -85 -697 260 11 -478 217 63 -472 68 -43 -575 143 -68 -573 102 -89 -528 164 -222 -639 117 -100 -552 
252 -84 -539 214 -151 -527 141 -49 -522 76 -129 -598 191 -61 -447 189 -148 -560 202 -167 -550 188 -93 -503 
152 -104 -592 155 -151 -530 155 -254 -638 149 -19 -502 141 -188 -560 121 -105 -549 234 -146 -560 191 -44 -468 
118 -51 -551 146 -73 -581 180 31 -506 201 -91 -589 121 -11 -597 136 -70 -611 149 -60 -626 99 -34 -566 
190 -14 -526 247 -78 -494 144 -111 -570 58 -70 -532 62 -142 -607 150 -111 -515 194 -105 -464 187 -78 -559 
206 -30 -462 122 -68 -358 102 -184 -628 129 -140 -447 206 -190 -562 198 -134 -545 213 -78 -444 150 -127 -534 
148 -135 -554 175 -112 -462 161 -167 -558 164 -65 -505 95 -111 -637 204 -82 -550 240 -53 -566 197 -74 -575 
163 -41 -581 140 -3 -532 178 -104 -604 142 -101 -626 134 69 -452 259 -139 -569 201 -55 -522 150 -80 -563 
76 -140 -632 205 -78 -476 277 -107 -439 214 -131 -569 93 -42 -491 146 -77 -507 168 -173 -612 176 -144 -542 
138 -187 -674 290 -82 -406 291 -107 -469 190 -48 -423 102 -325 -771 33 0 -414 104 -153 -619 189 -118 -476 
118 -63 -518 221 -88 -574 272 -8 -525 210 -50 -560 126 6 -621 121 -77 -637 154 -38 -499 138 -126 -640 
72 12 -527 257 -11 -586 115 -1 -613 218 -94 -537 258 -84 -516 139 -94 -530 118 -133 -583 103 -154 -630 
196 -121 -585 208 -151 -565 241 -51 -441 256 -127 -457 151 -95 -518 134 -116 -525 152 -132 -495 168 -126 -498 
212 -169 -458 189 -49 -576 134 -151 -521 134 -87 -560 178 -109 -507 230 -70 -571 227 -63 -516 130 -106 -653 
227 -44 -571 209 -96 -647 169 -27 -557 149 -72 -632 172 -37 -584 138 -13 -485 173 -103 -557 26 -22 -592 
170 -23 -534 223 -92 -556 198 -80 -586 165 -119 -594 204 -95 -537 190 -126 -547 170 -193 -616 181 -114 -504 
173 -93 -504 230 -182 -544 177 -105 -508 134 -122 -532 106 -154 -547 155 -95 -509 182 -127 -478 222 -174 -560 
192 -136 -514 201 -163 -597 211 -69 -564 226 -144 -584 225 -68 -503 209 -79 -592 120 9 -609 115 -34 -618 
148 110 -533 143 -36 -642 214 45 -635 258 -68 -625 304 -73 -550 177 -169 -638 125 -116 -651 181 -163 -547 
216 -133 -524 154 -68 -578 184 -85 -498 213 -82 -509 218 -119 -557 126 -131 -500 113 -145 -565 118 -146 -598 
208 -18 -472 243 -108 -464 195 -97 -531 107 -54 -470 73 -157 -550 129 -140 -604 147 -149 -612 221 -103 -549 
269 -50 -522 277 21 -462 213 -52 -509 85 -62 -629 85 -160 -679 117 -74 -657 224 -67 -559 263 -4 -595 
200 -61 -592 157 -60 -556 158 -45 -506 112 -138 -533 89 -139 -604 85 -123 -560 189 -99 -498 212 -93 -479 
267 -59 -509 220 -82 -527 147 -154 -561 168 -145 -497 123 -163 -498 171 -83 -499 157 -109 -514 178 -53 -507 
140 -151 -570 155 -194 -537 74 -90 -565 126 -230 -680 185 49 -374 289 -41 -453 190 -24 -429 86 -44 -540 
52 -77 -671 245 -115 -569 260 -61 -585 231 -32 -600 173 -43 -597 206 -33 -540 182 -40 -541 88 -80 -560 
7 -96 -540 122 -12 -460 224 3 -390 161 -41 -481 105 -7 -499 95 -66 -605 128 -91 -600 236 -29 -499 
180 -162 -565 223 -202 -558 231 -168 -574 173 -182 -505 169 -101 -587 166 -38 -460 257 -46 -475 226 -48 -397 
-8 -101 -446 21 -90 -470 37 -52 -462 163 -78 -522 188 -43 -493 196 -77 -595 169 -92 -559 166 -64 -567 
151 -103 -661 194 -22 -572 214 4 -446 189 -39 -605 135 -57 -632 168 -70 -505 179 -77 -549 160 -43 -469 
83 -74 -525 148 -117 -555 203 -34 -448 163 -131 -503 152 -89 -543 169 -156 -499 185 -114 -518 128 -150 -532 
167 -149 -578 162 -112 -525 221 -4 -434 166 -108 -489 109 -120 -526 102 -138 -618 90 -83 -529 206 -97 -530 
191 -101 -582 192 -101 -531 166 -55 -581 180 -21 -525 243 -101 -559 204 -76 -577 129 -50 -622 171 -117 -651 
194 -19 -583 185 -61 -601 149 -49 -621 177 -95 -566 235 -61 -507 255 -100 -465 96 -88 -551 11 -152 -568 
90 -108 -497 218 -68 -460 227 -21 -455 200 -75 -459 127 -50 -465 105 -119 -459 119 -145 -476 117 -149 -502 
196 -97 -557 164 -72 -503 196 -75 -463 144 -77 -520 73 -103 -492 125 -74 -542 174 -23 -506 161 -92 -481 
137 -74 -611 168 -97 -598 244 -137 -625 264 -60 -512 238 -25 -593 120 -57 -577 102 -70 -635 141 -49 -575 
180 -65 -552 141 -95 -592 136 -57 -508 141 -155 -550 178 -23 -498 235 -81 -490 172 -84 -547 83 -48 -470 
225 31 -386 203 -164 -648 75 -90 -544 148 -192 -747 192 -54 -476 309 -36 -448 229 -155 -704 145 -66 -530 
171 -111 -492 179 -57 -464 54 -204 -672 82 -58 -478 247 -115 -546 280 -20 -489 245 -15 -525 105 -144 -694 
166 -8 -536 159 -98 -637 190 -12 -611 187 -487 -1011 131 132 -558 183 -239 -743 240 21 -547 195 -162 -622 
115 -73 -507 118 -235 -723 208 183 -274 130 -161 -789 154 -18 -549 421 -108 -469 239 -83 -545 156 -69 -552 
23 -126 -630 68 -133 -609 213 -159 -553 254 -97 -536 223 -85 -474 159 -63 -559 76 -171 -644 132 -102 -548 
236 -97 -441 111 -46 -487 151 -187 -687 159 -73 -593 217 -42 -413 137 -197 -664 99 -41 -531 142 -72 -450 
210 -157 -563 151 -119 -567 112 -124 -582 202 -58 -587 287 -82 -515 225 -66 -588 63 -80 -647 110 -27 -536 
155 -74 -584 127 -31 -563 162 56 -441 278 -145 -547 -31 -12 -625 72 -93 -556 214 -151 -505 230 -115 -489 
114 -97 -494 140 -112 -575 171 -82 -488 159 -147 -536 132 -119 -548 228 -109 -477 147 -154 -586 135 -93 -476 
150 -135 -496 180 -143 -572 159 -37 -385 182 -99 -537 151 -151 -558 104 -52 -392 137 -164 -535 140 -126 -627 
139 -111 -549 193 -44 -553 185 -71 -559 161 -18 -542 168 -65 -590 151 -73 -529 110 -107 -547 67 13 -518 
108 -23 -560 131 -9 -510 188 -87 -505 157 -124 -582 104 -218 -526 97 -120 -511 145 -153 -480 177 -70 -502 
170 -126 -458 151 -92 -456 173 -148 -514 147 -82 -442 116 -208 -581 157 -119 -455 187 -154 -446 168 -113 -461 
97 -16 -464 159 -157 -560 188 -38 -461 190 -137 -506 133 -86 -553 185 -75 -553 195 -84 -535 169 -90 -622 
167 -103 -612 171 -89 -534 196 -93 -583 211 -50 -557 189 -93 -571 128 -92 -606 122 -109 -542 178 -91 -561 
224 -151 -588 188 -78 -525 190 -125 -525 135 -93 -533 172 -106 -504 220 -135 -551 106 -119 -578 160 -101 -569 
225 -107 -561 212 -155 -582 190 -212 -616 176 -84 -436 165 -173 -579 122 -119 -516 113 -59 -456 196 -128 -534 
186 -30 -495 141 -78 -543 109 -54 -598 204 -152 -656 215 -130 -637 261 -75 -519 293 -51 -559 165 -10 -567 
77 -106 -621 122 35 -442 240 -121 -503 161 -107 -552 119 -105 -541 95 -129 -531 61 -98 -607 196 -106 -537 
236 -98 -537 298 -76 -484 125 -83 -471 66 -96 -524 61 -159 -554 244 -176 -510 289 -181 -591 257 -32 -422 
103 -84 -497 94 -182 -558 101 -128 -498 195 -129 -481 221 -172 -502 144 -136 -513 142 -86 -542 231 -27 -492 
217 -101 -594 202 -83 -602 153 -99 -551 143 -27 -499 188 -102 -541 117 -93 -600 148 -65 -495 157 -18 -496 
107 -77 -516 98 -28 -528 101 -68 -608 187 -80 -519 193 -196 -545 226 -108 -535 168 -202 -550 175 -128 -518 
216 -83 -443 144 -107 -520 186 -74 -559 108 -40 -503 135 -158 -490 106 -119 -541 127 -168 -558 176 -93 -491 
229 -105 -506 169 -109 -539 116 -105 -580 166 -88 -629 206 -115 -672 241 -7 -540 265 -82 -562 180 -35 -587 
154 -78 -590 82 -68 -605 164 -126 -576 69 67 -478 169 -81 -614 191 -96 -425 192 -97 -492 132 -132 -620 
140 -112 -552 187 -73 -461 204 -115 -578 192 -87 -547 207 -107 -519 176 -137 -553 133 -149 -559 180 -128 -587 
213 -146 -478 227 12 -489 79 -99 -535 68 -183 -608 166 -39 -498 245 -175 -667 190 -48 -456 218 -117 -638 
188 -64 -524 175 -86 -573 146 -76 -597 161 -61 -556 167 -115 -615 179 -70 -635 260 39 -444 228 -33 -595 
86 -95 -582 144 -117 -496 9 -9 -684 216 -140 -537 218 -116 -517 173 -99 -569 239 -140 -529 189 -58 -478 
178 -137 -535 145 -146 -532 155 -151 -471 159 -74 -511 205 -90 -491 175 -162 -531 157 -50 -453 154 -178 -584 
168 -162 -534 135 -131 -538 80 -125 -673 138 18 -338 239 -74 -519 123 -154 -725 102 -2 -522 168 -147 -558 
243 -13 -484 109 -153 -610 94 76 -506 185 -123 -574 232 13 -454 116 54 -586 110 -115 -555 137 -152 -592 
250 -43 -441 161 -153 -522 134 -74 -518 127 -89 -459 77 -142 -632 148 -127 -634 270 -53 -422 178 -73 -481 
193 -102 -564 176 -161 -598 198 -120 -546 140 -77 -485 120 -186 -636 194 -188 -619 204 -100 -572 280 -115 -512 
138 -43 -497 154 -133 -584 167 -73 -518 144 -129 -631 219 -37 -489 176 -103 -613 185 -135 -647 135 -87 -629 
203 -10 -505 184 -61 -509 124 4 -591 143 -81 -563 150 -60 -548 120 -6 -477 142 -165 -621 60 -96 -544 
188 -43 -493 162 -124 -529 218 -151 -611 161 -134 -581 228 -126 -608 222 -137 -572 213 -88 -455 186 -189 -610 
229 -89 -509 151 -84 -391 207 -139 -628 107 -114 -493 192 -132 -535 183 -229 -623 240 -28 -479 188 -93 -502 
135 -103 -568 171 -75 -490 158 -152 -683 125 -70 -643 264 -127 -503 204 -4 -505 140 -63 -591 132 -28 -550 
106 -49 -596 148 -62 -548 119 -10 -547 199 -87 -575 208 -33 -467 123 -36 -523 132 -105 -577 139 -81 -552 
160 -123 -547 202 -112 -552 218 -110 -587 212 -94 -503 171 -158 -576 163 -70 -514 214 -105 -531 129 -168 -523 
211 -31 -439 131 -164 -566 107 -87 -487 149 -159 -618 116 -90 -475 209 -162 -601 207 -27 -496 192 -109 -576 
175 -38 -533 187 -19 -553 153 -71 -538 124 -35 -612 144 -163 -685 229 -24 -595 170 62 -395 66 -61 -593 
34 122 -446 75 -201 -617 135 -123 -470 137 -73 -507 161 -52 -463 197 -90 -476 88 -100 -590 76 -83 -511 
163 -164 -529 188 -147 -468 142 -100 -498 197 -116 -531 164 -68 -511 128 -178 -466 105 -47 -549 208 -53 -434 
73 -157 -560 103 -98 -503 185 -140 -521 177 -164 -607 182 -59 -500 163 -92 -515 188 -99 -629 163 -1 -594 
154 -19 -558 192 -47 -517 136 3 -586 129 -56 -686 167 116 -518 257 -23 -590 253 -128 -553 94 19 -683 
93 -49 -619 276 -59 -508 251 0 -498 160 22 -559 144 -55 -643 193 -37 -591 192 -90 -631 201 -92 -628 
249 -40 -558 223 -91 -587 181 -85 -609 211 -84 -542 241 -83 -567 201 -141 -656 202 -86 -553 179 -90 -636 
205 -114 -589 195 -56 -501 185 -108 -586 170 -123 -616 197 -110 -562 196 -117 -619 242 -104 -567 221 -71 -567 
214 -22 -601 200 -58 -678 218 -45 -568 161 14 -607 166 -52 -649 197 48 -556 194 31 -614 159 8 -589 
189 -60 -608 178 -33 -570 128 32 -549 103 -43 -597 160 -39 -593 198 -77 -604 198 -70 -591 259 -107 -550 
216 -106 -579 180 -51 -549 153 -111 -573 175 -111 -591 211 -106 -556 262 -100 -554 184 -77 -543 221 -145 -635 
214 -119 -503 185 -63 -568 121 -95 -511 103 -134 -624 218 -107 -568 321 -64 -530 213 -63 -517 120 -90 -598 
109 -57 -544 203 -62 -585 234 -55 -526 204 -34 -623 200 -33 -594 204 -55 -619 141 -9 -571 151 -94 -654 
171 -78 -619 144 -54 -539 197 -26 -560 146 -26 -541 152 -20 -493 113 -93 -539 102 -99 -592 153 -121 -604 
226 -120 -546 207 -72 -518 184 -82 -477 195 -151 -599 153 -126 -524 179 -136 -495 164 -166 -558 165 -140 -573 
212 -104 -519 197 -144 -522 171 -146 -500 102 -71 -562 158 -168 -548 179 -95 -478 192 -120 -543 165 -63 -550 
186 -57 -575 185 -106 -605 188 -121 -640 167 -80 -629 212 -69 -545 161 -221 -779 194 119 -568 239 -168 -636 
68 284 -337 142 -503 -910 40 339 -299 156 -287 -786 157 135 -458 115 175 -196 512 -112 -608 -104 8 -339 
124 91 -521 194 -405 -801 510 -43 -609 61 -250 -637 399 -105 -419 -67 -202 -604 331 -139 -574 -62 -191 -609 
242 -137 -415 208 -88 -498 36 -116 -481 118 -151 -639 221 -97 -529 196 -69 -599 227 -94 -578 214 -84 -582 
212 2 -564 119 -76 -726 127 14 -593 192 -104 -631 210 22 -660 230 -15 -596 184 -44 -595 152 -86 -633 
200 -92 -567 165 -97 -591 175 -48 -578 138 -113 -563 160 -140 -616 228 -106 -567 257 -76 -484 202 -116 -581 
167 -129 -593 161 -136 -550 233 -98 -553 212 -109 -562 175 -172 -609 229 -140 -598 172 -42 -500 131 -138 -583 
155 -170 -635 192 15 -452 255 -146 -672 246 -6 -525 200 -121 -663 166 -59 -617 186 -97 -695 200 -48 -558 
144 -68 -670 155 -151 -765 157 118 -464 260 -156 -692 149 -1 -668 187 -118 -575 256 -83 -595 209 -81 -582 
241 -38 -557 38 -76 -576 137 -87 -600 184 -158 -560 243 -75 -504 257 -126 -615 200 -95 -582 169 -94 -613 
227 -87 -529 254 -94 -588 182 -89 -569 146 -90 -577 155 -105 -609 188 -122 -627 232 -152 -614 224 -95 -556 
148 -85 -601 194 -109 -601 190 -32 -600 225 -55 -620 223 -8 -605 237 16 -660 204 3 -618 235 -103 -653 
171 -128 -713 166 -92 -651 103 -46 -611 96 -93 -583 111 -26 -524 256 -25 -571 207 19 -456 190 -45 -412 
97 -87 -444 86 -117 -425 146 -123 -501 123 -18 -508 147 -85 -489 179 -149 -526 165 -179 -559 109 -172 -550 
153 -113 -492 160 -107 -467 147 -105 -481 167 -121 -462 141 -88 -474 105 -131 -490 137 -152 -501 205 -87 -451 
219 -139 -506 135 -196 -557 125 -111 -531 198 -44 -552 242 -20 -564 151 -19 -515 110 -109 -561 72 -87 -573 
143 32 -469 206 -117 -568 189 -70 -448 72 -128 -530 120 -140 -510 142 -158 -526 120 -91 -458 135 -122 -404 
140 -101 -505 254 -125 -450 234 -137 -487 153 -96 -508 100 -139 -482 74 -134 -553 204 -158 -491 270 -232 -549 
227 -138 -491 149 -203 -546 117 -93 -424 174 -115 -496 134 -130 -514 171 -134 -538 82 -60 -508 134 -57 -527 
219 -135 -639 237 -178 -580 217 -139 -588 275 -115 -572 253 -50 -570 190 -61 -599 160 -63 -596 124 -45 -618 
129 -146 -711 110 2 -611 185 -79 -572 217 -116 -508 208 -130 -618 177 -25 -490 192 -112 -566 144 -101 -557 
124 -53 -548 91 -163 -649 205 -107 -545 305 -78 -476 165 -132 -593 104 4 -443 256 -152 -625 222 -171 -653 
265 -115 -514 178 -111 -556 120 -138 -524 145 -152 -559 149 -145 -517 197 -83 -727 250 -11 -445 138 -37 -512 
302 -66 -558 241 -75 -558 135 -3 -615 125 -160 -678 95 -10 -568 175 -75 -538 74 -5 -582 158 -7 -604 
267 -43 -504 165 -32 -493 -3 -87 -558 38 -72 -529 101 -42 -480 182 -43 -459 224 -62 -510 196 -60 -493 
15 -43 -587 197 -129 -541 163 -86 -586 209 -168 -529 214 -158 -519 171 -44 -477 92 -99 -506 132 71 -495 
213 -115 -557 66 -145 -582 131 -105 -580 171 -118 -526 236 -68 -499 245 -89 -586 152 -6 -517 171 -95 -620 
183 -107 -566 259 -89 -582 236 -77 -593 206 49 -536 188 -56 -580 118 27 -640 115 -46 -506 115 -34 -550 
138 -39 -591 151 -14 -531 177 -126 -573 149 -35 -529 179 -78 -547 159 -59 -541 190 -125 -552 195 -131 -606 
150 -171 -610 234 -104 -603 230 -8 -374 232 -128 -552 132 -157 -630 116 -174 -582 168 -163 -574 189 -131 -574 
217 -124 -511 131 -173 -549 190 -50 -476 278 -98 -497 180 -103 -403 92 -150 -530 42 -116 -537 108 -110 -545 
230 -85 -550 238 -61 -517 226 -120 -648 165 -94 -626 185 -35 -566 232 -84 -590 192 -24 -553 198 -74 -620 
124 -127 -684 158 -28 -562 217 -104 -582 177 -71 -583 179 -71 -551 159 -79 -595 160 -72 -557 225 -140 -598 
218 -80 -535 146 -162 -557 145 -82 -581 212 -122 -546 199 -89 -502 194 -97 -506 154 -99 -573 141 -103 -548 
173 -69 -539 163 -164 -573 173 -58 -547 149 -160 -539 132 -81 -562 229 -84 -547 240 -39 -468 150 -53 -522 
94 -86 -613 203 -98 -633 232 -38 -578 259 -124 -618 228 -55 -610 186 -26 -632 116 -55 -588 165 -26 -582 
199 3 -532 162 -40 -593 74 -1 -650 150 -42 -588 198 -71 -649 232 -55 -551 216 -136 -570 156 -126 -580 
241 -130 -545 207 -70 -475 143 -132 -645 156 -107 -600 216 -91 -540 218 -123 -577 226 -102 -583 207 -110 -506 
188 -152 -574 199 -152 -597 249 -134 -495 184 -104 -554 165 -130 -523 121 -166 -612 159 -114 -545 191 -119 -507 
173 -125 -600 148 -86 -591 192 -55 -558 201 -168 -604 186 -66 -586 186 -72 -585 164 -54 -567 156 -32 -574 
134 -38 -519 170 -25 -508 161 -81 -549 105 -71 -565 90 -117 -590 154 -90 -525 241 -49 -444 210 -127 -554 
135 -182 -562 115 -80 -531 132 -108 -539 238 -106 -523 204 -97 -443 178 -106 -526 91 -105 -491 178 -121 -571 
179 -168 -513 152 -150 -559 172 -146 -500 157 -152 -512 214 -115 -543 196 -135 -575 140 -80 -492 144 -83 -514 
167 -74 -523 186 -100 -521 114 -42 -535 170 -77 -574 169 -47 -546 167 -52 -583 180 -74 -583 204 -17 -515 
107 -66 -582 109 -129 -627 132 -51 -550 175 -84 -540 166 -74 -546 172 -48 -492 123 -111 -543 111 -116 -594 
190 -90 -499 127 -105 -582 143 -120 -574 179 -93 -567 195 -108 -564 203 -109 -527 225 -133 -574 165 -154 -615 
271 -144 -557 233 -139 -478 168 -158 -639 92 -139 -534 147 -178 -586 173 -180 -582 312 -263 -510 207 -29 -526 
92 -121 -553 240 -97 -515 210 -88 -517 126 -57 -509 147 -84 -564 141 4 -572 179 -68 -610 169 -27 -602 
205 -103 -603 197 -48 -596 148 -147 -586 122 -109 -563 157 -61 -556 188 -89 -525 200 -23 -485 136 -115 -562 
141 -141 -569 165 -130 -577 241 -90 -511 172 -118 -517 148 -101 -586 176 -141 -598 216 -126 -508 254 -164 -563 
189 -144 -518 180 -142 -572 168 -123 -492 221 -120 -472 175 -116 -507 127 -139 -523 149 -177 -596 160 -86 -508 
225 -80 -523 203 -142 -568 152 -98 -582 177 -114 -589 207 -47 -574 241 -77 -589 138 -100 -631 170 -84 -628 
217 -52 -542 199 -89 -565 172 -45 -552 107 -69 -596 133 -100 -547 140 -123 -528 177 -84 -563 187 -77 -523 
189 -133 -554 164 -139 -559 149 -101 -559 201 -109 -509 203 -113 -565 174 -115 -582 167 -118 -549 203 -74 -564 
219 -115 -545 205 -140 -603 166 -134 -580 182 -156 -563 193 -118 -553 209 -129 -575 178 -98 -536 170 -105 -535 
196 -137 -649 193 -104 -537 218 -59 -589 205 -87 -659 214 -128 -586 189 -55 -607 203 -86 -584 208 -37 -561 
145 -29 -593 133 -17 -599 88 -40 -544 133 -20 -516 149 -41 -583 143 -16 -490 136 -5 -529 155 -106 -590 
110 -51 -573 140 -100 -612 184 -159 -647 187 -125 -546 169 -197 -537 213 -43 -511 155 -86 -447 226 -81 -471 
78 -41 -460 159 -172 -608 139 -9 -502 132 -119 -527 171 -107 -503 143 -156 -575 138 -143 -572 164 -117 -597 
131 -51 -413 164 -88 -456 127 35 -521 91 -90 -490 128 -39 -477 167 -47 -486 232 38 -515 190 -22 -540 
42 -44 -581 101 -34 -552 114 36 -573 183 -39 -577 193 -10 -585 199 -84 -577 96 -80 -560 116 -125 -578 
131 -30 -548 111 -36 -503 132 -133 -479 125 -114 -459 159 -77 -371 93 -104 -447 88 -92 -442 84 -84 -435 
133 -104 -448 107 -134 -427 129 -70 -478 156 -39 -472 128 -98 -522 196 -118 -546 208 -32 -402 92 -158 -617 
180 -87 -552 199 -136 -520 159 -150 -508 165 -130 -533 139 -133 -536 162 -90 -460 153 -117 -551 109 -69 -493 
207 -124 -499 149 -114 -511 127 -112 -555 177 -83 -521 184 -48 -559 190 -73 -567 208 -97 -595 164 -45 -558 
125 -49 -591 229 -54 -558 243 4 -577 203 -39 -595 147 -99 -587 117 -121 -599 98 -111 -578 222 -117 -564 
