-7 59 140 -29 63 149 -39 94 154 -58 74 159 -91 67 155 24 49 146 -2 61 62 -61 59 61 
-87 136 138 -44 120 131 -11 78 159 -62 76 122 -107 147 45 -49 115 67 -39 99 70 -39 66 60 
-68 108 114 -63 93 53 -52 43 19 -55 12 -2 -84 -12 -15 -29 4 -5 -36 94 76 20 16 86 
7 34 43 0 -22 33 -54 10 50 -3 -26 44 32 -47 47 58 -55 51 18 -26 68 8 -44 80 
19 -65 69 42 -74 59 17 -76 42 17 -60 31 22 -78 49 7 -94 52 13 -82 35 28 -102 49 
46 -101 51 37 -114 47 42 -116 45 42 -122 36 49 -137 52 46 -116 59 59 -106 53 63 -111 37 
48 -159 50 37 -202 59 60 -185 102 122 -92 58 111 -139 1 69 -167 -57 56 -154 -12 91 -153 3 
106 -182 11 65 -149 21 52 -147 48 75 -172 4 71 -149 -15 83 -153 8 91 -178 14 116 -266 73 
117 -113 2 144 -19 43 83 -70 -69 92 -81 1 -6 -58 20 55 -124 0 52 -146 -150 37 -332 -356 
-48 -96 -27 -2 -171 -165 -31 -80 -106 29 -37 -42 35 -38 -25 -15 -45 -19 3 -4 1 26 -32 -28 
26 7 -106 -65 77 -39 29 64 -63 143 20 -296 -161 110 -296 -190 102 -275 -51 84 -109 -11 121 -142 
-16 28 -207 -42 56 -202 -52 71 -139 4 -10 -127 -2 57 -119 3 -12 -173 -11 -16 -171 14 -29 -79 
45 -29 -113 20 11 -180 -39 -45 -223 16 -35 -205 -27 -28 -237 -36 -43 -83 21 15 -164 -3 75 -143 
21 62 -37 -103 135 -25 -75 95 -37 -30 94 -99 -59 13 32 7 10 -51 -16 71 -44 -11 7 50 
0 -64 -195 -16 -26 -152 8 -10 -8 72 -142 -133 129 -173 -151 120 -150 -218 74 -113 -121 36 -88 -153 27 -97 -48 -21 -62 26 38 -76 -76 14 -19 -91 41 -86 -211 67 -93 -120 93 -126 -158 27 -74 -185 -53 14 -106 10 5 -46 13 67 -125 -21 17 -148 -55 74 -160 -19 30 -97 -24 45 -148 0 20 -122 
-58 71 -101 -50 73 -103 -47 58 -133 -22 33 -108 -38 74 -93 -10 19 -40 -36 72 -26 -40 68 -66 
-61 75 -24 -30 13 -43 -59 23 -101 -37 6 -87 -5 -14 -69 -15 -29 -84 -1 -7 -102 13 -57 -52 
-24 -3 -81 23 -64 -113 18 -35 -82 27 -11 -162 46 11 -135 2 -71 -26 -12 -70 -34 -81 -23 -43 
0 -80 -80 -2 -74 -121 35 -1 -142 -22 -9 -40 -2 -64 -69 14 9 -118 18 -26 -43 -7 -10 -62 
-20 -1 37 -50 -63 -58 -17 -39 -73 24 -25 -76 26 -47 -46 46 -116 33 1 -44 -99 -3 -71 -95 
-8 -81 -54 30 -87 -95 1 -42 -115 12 13 -58 26 -26 -43 -18 2 -92 -29 -18 -97 -10 -36 -103 
0 1 -137 0 -13 -32 -29 35 -40 -66 78 -71 -34 42 -20 -20 -26 -90 17 -4 -64 -8 -15 -22 
-8 -55 -44 14 -31 -148 16 -41 -85 33 -69 -10 29 -24 -93 -10 46 -86 -60 -25 7 -41 0 -50 
16 -13 -22 25 -33 -79 -27 -43 -85 -19 -50 -109 -2 -55 -51 15 -54 -56 25 -36 -64 19 -38 -55 
-14 -82 -89 34 -93 -90 35 -72 -77 18 -84 -37 22 -41 -93 2 -41 -56 6 -35 -9 34 -15 -49 
-8 -53 -68 -35 -39 -52 -27 -37 39 77 -93 108 -19 0 -20 -30 -18 -99 57 -102 -36 70 -109 -66 
-9 -128 76 39 -140 49 28 -38 -55 -23 40 -74 44 -97 -30 5 -104 22 23 -82 -38 20 -54 -52 
23 -101 -50 16 -105 -32 4 -73 -38 30 -15 -61 -5 -51 -77 -14 -45 -92 -31 -102 -107 -32 -27 -88 27 -19 -72 44 4 -32 -11 20 -53 -14 35 -1 -2 -21 26 -44 -4 -25 -62 8 38 -52 27 58 -16 12 66 -7 4 5 37 -18 66 39 -97 -14 -34 18 5 34 -32 17 88 -70 -46 71 -123 30 36 -119 -3 47 -124 10 27 -100 -78 29 -164 -97 49 -211 -108 132 -188 -128 101 -129 -77 59 -78 -101 
6 -144 -45 19 -157 -12 38 -99 -18 49 -98 -146 -3 -56 -145 43 -166 -21 82 -158 -150 59 -24 -26 
-78 -77 5 -30 -54 -117 16 7 -72 72 -73 -46 106 -83 -26 18 -89 17 -50 -27 0 0 -118 -135 
80 -116 0 112 -126 -135 36 -105 -84 -21 -127 6 9 -131 -47 60 -100 -143 78 -111 -59 82 -146 -123 
-21 -45 -31 -12 -59 -71 -13 23 -17 225 -42 46 -93 -113 -108 -158 35 -271 159 6 -135 83 -162 -56 
-148 30 -80 68 81 -82 78 -25 59 -81 -50 -42 -64 50 -159 50 30 -93 9 -34 55 -84 -39 25 
19 28 -38 49 6 112 5 -2 98 -37 -17 -66 -52 -73 -9 -44 5 30 101 -130 112 33 -109 -27 
-5 -130 -96 26 -34 -127 121 -220 32 154 -237 29 109 -86 15 71 -129 25 43 -174 42 112 -195 22 
37 -112 -51 19 -172 -70 33 -144 -94 60 -118 8 46 -156 26 35 -121 -30 47 -104 3 8 -99 -47 
-81 -76 60 -55 -16 49 23 57 57 35 -16 72 2 -60 94 -17 -41 24 -2 -115 154 58 -93 35 
64 -134 -4 37 -146 -52 92 -139 -47 100 -132 126 65 -96 -35 -13 -28 -56 -34 -124 45 83 -127 40 
4 -55 -5 -4 -1 35 -10 -104 6 70 -101 -13 77 -171 -38 40 -130 -54 84 -171 -72 42 -198 -45 
50 -126 -122 45 -153 32 72 -116 33 9 -31 -49 -64 -46 -34 -14 -121 -16 -8 -133 -81 37 -132 -127 
40 -79 -20 -36 -55 -3 -41 -22 38 -34 -7 61 33 -15 25 57 0 69 -34 -19 -29 -88 7 -13 
4 -55 -91 49 -97 -161 152 -283 64 62 -88 37 109 -112 11 -10 -102 -19 116 -142 48 61 -150 41 
85 -135 -19 21 -228 16 131 -277 33 155 -193 30 89 -207 -67 99 -219 -60 103 -200 -56 176 -194 -43 
58 -210 -69 70 -208 -62 44 -194 -63 74 -151 15 90 -162 -27 64 -172 -48 24 -139 -95 14 -137 -25 
44 -160 22 15 -138 7 47 -139 -54 12 -100 -134 63 -113 -35 35 -156 -48 18 -52 -24 56 -23 -73 
23 -95 -95 -37 -74 -15 -12 -133 -18 13 -50 -36 18 -57 -23 0 -74 -16 29 -98 -99 34 -121 -101 
77 -122 8 42 -83 15 12 -52 -24 15 -55 -32 43 -117 -82 60 -116 -108 44 -110 -10 -7 -66 -58 
-4 -64 17 -4 -38 41 32 0 60 8 32 107 -61 -47 -265 24 -131 -155 45 -138 -12 38 -172 6 
8 -33 -117 34 -55 66 -43 -14 143 0 -68 24 -24 -63 -83 54 -71 -58 43 -106 -118 63 -68 56 
5 -130 150 5 -91 -3 83 -112 71 55 -72 -11 95 -139 119 9 -80 82 32 -96 10 20 -35 -14 
67 -157 -6 28 -124 77 37 -76 3 32 -91 -26 54 -117 -23 94 -153 -21 24 -109 -19 15 -139 30 
38 -101 -22 105 -153 -14 85 -217 -70 32 -106 -161 -9 -28 -171 39 -136 25 65 -49 128 17 -21 18 
-24 -90 -34 35 -169 -22 30 -67 -13 24 -68 -15 13 -46 -55 -10 10 -16 26 -63 -51 0 -86 -106 
-3 -100 -76 28 -51 -60 14 31 -26 -21 12 -65 -46 90 -53 -11 111 -30 -67 75 4 -76 27 -2 
-46 5 31 -62 -62 -126 -15 -109 -112 50 -157 -93 77 -48 -53 68 -39 -1 -50 19 -23 -12 -46 -5 
42 -19 35 57 -55 -38 11 -60 -70 -25 -25 19 -61 -72 162 -1 -29 24 63 -86 -37 70 -96 16 
45 -125 23 45 -118 50 70 -166 38 84 -147 2 99 -173 -21 105 -192 8 93 -142 3 73 -202 12 
107 -167 3 139 -163 -4 101 -156 -53 83 -206 -68 92 -182 28 41 -140 108 13 -68 67 60 -141 63 
4 -127 -40 159 -192 -55 97 -202 -39 96 -212 -5 33 -181 -82 28 -164 -96 59 -113 -2 57 -64 -45 
11 -102 -22 28 -61 -28 0 -59 9 39 -111 6 -13 -27 2 10 -89 22 25 -106 0 33 -126 1 
44 -78 17 81 -164 9 53 -135 -87 24 -156 -96 -3 -151 -98 -17 -91 -76 23 -101 -48 37 -61 -139 
62 -111 -143 4 -46 -158 -34 8 -45 -13 -56 -92 -50 -25 -116 -35 -29 -82 45 -30 -25 57 -27 15 
-40 -41 -75 -38 -97 -48 -29 -40 36 51 -67 88 108 -114 -6 88 -147 -31 69 -170 -13 48 -146 3 
121 -184 -8 113 -216 -26 160 -206 -96 60 -168 -38 34 -113 -5 21 -83 52 40 -138 48 -8 -69 19 
0 -98 -15 24 -112 29 50 -98 -28 36 -136 -75 10 -114 -28 -17 -55 69 60 -68 -4 -9 9 -5 
-1 -71 -47 54 -82 -149 49 -115 -171 13 -73 1 28 -102 11 2 12 -64 -99 59 -16 -47 -34 33 
-25 37 39 2 59 -96 -18 60 67 5 -66 46 -26 -77 23 -23 -27 -1 25 -78 6 42 -77 24 
-17 1 -67 90 -130 -154 110 -168 -127 128 -96 -50 31 -67 -92 -43 -58 -66 -124 -26 22 -3 -54 -28 
32 -139 -55 72 -134 -117 -9 -33 -154 -4 -65 -5 -49 -24 33 -24 -49 2 -11 -4 -57 4 -46 -78 
25 -127 -33 -21 -96 15 -28 -35 -93 -17 -45 -15 15 -40 53 30 16 58 44 -47 37 -39 -1 -35 
-5 -72 62 -22 -50 -15 56 -73 -22 81 -172 -8 54 -112 12 27 -106 -47 32 -63 -92 60 -142 -74 
77 -112 -102 45 -69 -113 -32 -30 25 -21 -45 68 -32 32 -4 -43 -4 -56 -58 -50 -22 -2 -62 -42 
55 -57 -188 58 -75 37 41 -104 4 8 -123 -155 -16 -14 -119 0 -76 61 21 -93 -58 42 -1 -141 
-17 -33 -53 -24 -58 -60 -43 -67 -100 -16 -56 -41 0 -52 -86 13 -48 -76 -9 -10 -80 25 -35 -94 
9 -32 -79 -33 -26 -30 -30 -20 -45 -34 -3 -12 -8 -3 -56 70 12 -84 37 -33 -48 -33 -69 -20 
-3 -94 4 17 -83 3 53 -4 -1 113 -116 130 -12 35 6 -71 -21 -53 -14 -121 -59 69 -106 -73 
47 -169 -48 38 -165 -45 64 -127 -15 62 -146 -71 99 -127 -83 105 -195 -67 39 -162 -41 51 -72 39 
29 -71 59 -6 -90 50 -11 -114 -45 20 -132 -75 61 -104 -81 89 -87 43 -1 -71 10 2 -33 -102 
53 -108 18 85 -75 -2 85 -99 -46 27 -118 -11 14 -146 5 1 -150 46 51 -154 -49 63 -134 -33 
90 -183 -58 129 -141 -34 120 -190 -68 91 -195 -72 112 -197 -170 32 -153 -15 111 -148 82 14 -121 -99 
-6 -97 70 47 -59 -8 39 -117 -48 52 -108 -68 16 -177 -48 10 -160 -75 61 -147 -17 80 -87 31 
5 -44 -7 26 -107 -5 4 -144 -70 -5 -127 -30 7 -142 -61 80 -188 -68 128 -188 -83 72 -163 -23 
89 -154 -29 84 -148 -86 53 -205 -86 82 -184 -96 81 -138 -215 24 -142 30 93 -225 25 55 -126 -35 
59 -148 -17 36 -84 -42 -33 -143 36 -55 -102 23 27 -85 80 89 -123 -53 83 -95 -67 90 -125 -36 
27 -158 0 47 -144 -5 65 -164 -2 32 -96 -17 63 -115 21 34 -96 -18 -1 -99 17 25 -153 -33 
43 -115 54 57 -141 -5 60 -81 -48 45 -84 -64 29 -76 -56 16 -95 -26 11 -170 -28 28 -109 -57 
35 -54 9 71 -115 -19 -29 -93 -33 -24 -93 -22 62 -124 -7 74 -92 -40 13 -38 10 -13 -133 92 
-27 -26 66 27 -37 79 49 -35 49 -4 -65 -1 10 -76 -16 30 -127 29 81 -152 -14 91 -192 -56 
136 -188 -44 149 -185 -40 111 -156 -79 97 -214 -113 112 -216 -80 -18 -205 -30 -13 -172 -108 77 -166 -53 
131 -95 -29 22 -121 -56 -21 -115 -63 3 -97 -79 43 -111 35 11 -53 -15 -4 -63 -41 0 -90 -88 
86 -108 -81 48 -119 -7 50 -102 -48 31 -84 -37 -22 -128 -5 -4 -128 14 11 -90 -23 27 -50 -33 
-15 -41 -79 -54 -17 -33 2 -141 -34 57 -97 -150 87 -78 -88 -10 -83 45 18 -64 23 1 -43 -103 
-12 -31 -33 -5 -15 39 -14 -35 38 15 -34 -136 31 -69 25 -6 -4 42 20 -56 69 -4 -55 -81 
61 -101 -85 25 -104 -27 32 -159 32 25 -13 -90 -18 1 -4 6 -101 92 -42 2 -23 -13 -6 0 
18 -78 11 -8 -73 -24 -12 -102 18 12 -112 -2 49 -87 22 2 -92 -27 20 -72 -51 63 -95 -46 
74 -143 -56 42 -140 -22 36 -169 -27 18 -160 -30 71 -139 -13 96 -145 -8 48 -129 -84 74 -171 6 
18 -93 -49 34 -160 -69 41 -144 -49 89 -146 -46 107 -114 -26 -30 -109 44 0 -110 75 0 -90 29 
53 -135 37 77 -88 -18 5 -145 -53 -27 -97 -19 82 -124 -31 37 -70 4 70 -78 33 24 -70 -1 
-54 -61 5 36 -122 13 -23 -91 -3 -3 -63 108 30 -46 0 22 -78 -95 40 -106 -20 86 -112 15 
15 -24 56 51 -64 7 23 -144 -22 68 -156 -75 67 -199 -10 49 -144 18 -41 -30 35 3 -9 65 
7 -65 71 39 -61 -9 13 -113 22 -5 -117 77 58 -105 147 11 -73 -12 48 -110 -122 128 -201 -110 
97 -257 23 66 -109 -118 73 -139 -34 43 -97 75 41 -114 -24 -31 -75 -2 7 -130 4 51 -132 -13 
48 -204 16 57 -183 -106 130 -154 -99 176 -239 -23 146 -214 -91 96 -219 -63 45 -184 -25 1 -171 -34 
88 -140 42 71 -137 -26 46 -112 5 16 -167 51 -75 -70 -12 71 -158 54 43 -34 17 78 -114 29 
28 -167 1 5 -119 -77 45 -111 16 68 -102 75 40 -45 -74 64 -88 -72 24 -171 2 33 -152 -50 
92 -149 -39 62 -167 19 76 -120 -43 44 -91 -86 34 -60 -66 -14 -73 -15 -5 -89 -10 9 -119 -22 
6 -40 -38 28 -27 37 47 -89 25 -20 -32 24 -65 -48 37 -28 -52 31 -21 -55 27 42 -79 -3 
110 -123 -88 18 -168 61 51 -184 78 66 -55 -70 59 -108 -29 38 -132 -54 26 -116 -30 46 -148 -35 
44 -136 -42 11 -126 -9 48 -114 34 56 -86 -9 50 -105 13 2 -88 10 8 -130 -53 105 -198 -98 
38 -127 65 103 -120 118 37 -94 79 25 -162 76 32 -105 59 57 -132 26 119 -185 -29 4 -185 -32 
25 -76 85 81 -113 37 69 -106 80 34 -85 127 30 -17 44 5 -125 16 54 -187 -11 11 -85 63 
-3 -51 60 9 -76 -23 71 -85 8 80 -171 -42 119 -282 -27 139 -255 -73 170 -269 -172 174 -218 -94 
135 -173 -96 -43 -130 -13 44 -160 48 110 -159 39 51 -110 -28 -17 -110 -34 55 -162 -138 79 -152 -100 
70 -130 -156 83 -123 117 -48 -122 75 -101 -65 -72 64 -65 -16 97 -135 46 -24 -31 -55 57 -158 -12 
21 -159 20 73 -186 -15 116 -150 -3 85 -147 -25 64 -107 -42 72 -149 -29 80 -201 30 63 -127 -10 
90 -152 -29 48 -138 -8 32 -164 1 36 -150 -8 80 -153 -47 115 -206 -101 99 -175 -85 70 -148 12 
87 -111 22 83 -142 -26 -10 -116 -71 -24 -177 24 78 -230 -87 67 -72 -112 102 -54 -21 55 -74 14 
-72 -41 123 -57 -93 18 46 -82 -70 12 -60 -10 35 -52 16 29 -63 -40 -19 -10 -67 -25 -59 -19 
30 -96 -26 12 -114 -100 -6 -69 -41 60 -149 -42 53 -95 -89 62 -64 -16 16 -38 -23 27 -37 -12 
-71 57 -73 -65 -60 -8 -37 -32 -51 -10 -90 -51 -29 -94 -66 -28 -108 -61 31 -99 -14 48 -55 -63 
39 -36 -31 -2 -50 26 -26 -68 22 -41 -54 -47 13 -70 0 11 -100 78 31 -103 25 51 -138 -3 
50 -153 17 71 -121 -63 67 -119 -8 62 -132 22 83 -104 37 17 -141 101 -18 -119 45 25 -116 63 
79 -112 39 107 -168 -21 50 -162 8 -15 -127 70 -5 -75 119 60 -44 126 75 -81 100 24 -121 87 
-24 -102 5 51 -146 -29 114 -324 -17 102 -137 -114 133 -221 -15 82 -133 -47 87 -101 -8 67 -144 92 
6 -61 -8 56 -179 8 50 -180 -160 132 -151 -105 95 -209 -90 65 -162 -24 -1 -121 198 18 -61 25 
26 -107 11 44 -140 -92 27 -212 -122 39 -102 -70 70 -117 175 -8 -78 -23 -4 -66 -57 29 -57 -26 
35 -130 -69 -107 -56 -152 -23 -153 -34 4 -89 11 107 -37 91 61 66 55 43 4 0 -52 -62 24 
-34 6 79 11 -81 194 -8 -100 74 8 -61 24 110 -210 -33 165 -179 -122 87 -185 44 127 -155 -6 
-8 -38 112 38 -139 152 -41 -83 117 -43 -82 98 -14 15 133 18 -32 38 80 -107 -44 95 -187 43 
110 -232 -16 135 -210 -117 124 -186 -53 130 -176 13 120 -226 -68 132 -179 -14 97 -239 -35 125 -230 -64 
208 -287 -165 216 -321 -54 160 -155 -178 30 -80 -18 25 -80 194 -38 -81 29 -144 106 -1 15 -177 146 
12 -29 -89 50 -136 -200 93 -107 62 151 -229 40 86 -172 -228 0 -179 -33 71 -81 160 -35 -97 87 
-63 -34 -41 -75 -37 53 -61 -39 17 -13 -77 97 -10 -30 55 108 -133 43 101 -110 -244 214 -203 -105 
74 -74 -103 33 -76 -64 -19 -180 275 -25 -101 -55 21 -128 -80 133 -247 -148 177 -176 -176 30 -219 -63 
14 -104 -7 64 -215 -96 -37 -31 132 -62 -72 201 -32 -51 132 0 33 -29 -44 -4 37 -25 -31 23 
106 -234 -159 148 -201 -194 134 -149 1 152 -202 -137 16 -62 -187 -61 -94 20 -58 -111 127 -41 5 20 
6 -81 -106 -18 -35 3 -2 -87 -30 -37 -100 -23 -16 -81 -38 102 -152 -101 80 -72 -47 62 -101 -33 
15 -121 -5 -25 -102 -62 0 -111 -45 30 -85 -14 42 -51 0 -23 -67 -46 -38 -55 -91 -3 -65 -44 
23 -86 -13 -6 0 -3 35 -76 18 -84 34 6 -17 -71 -51 22 -58 -33 111 -100 -83 56 -178 94 
19 -103 37 65 -88 54 33 -45 -21 99 -56 12 102 -123 45 -45 -129 -35 44 -170 -60 83 -209 -68 
125 -122 -74 112 -163 -77 -4 -91 26 8 -115 36 -6 -106 -53 46 -160 -104 96 -166 -127 201 -98 -152 
45 -157 36 -132 -42 34 -97 -28 80 -31 -119 -23 40 -107 -46 75 -95 -93 68 -111 54 -9 -61 -24 
63 -162 -53 94 -144 -5 110 -159 -38 100 -160 -98 77 -145 -97 93 -196 -88 66 -140 -48 84 -132 -85 
48 -164 -3 29 -141 -45 17 -130 -74 59 -154 -88 61 -121 -163 83 -98 -101 -20 -71 105 32 -264 -42 
18 -128 -141 49 -88 94 0 -60 -35 14 -71 -91 19 -23 -20 -14 -62 3 -32 -121 -64 -31 -61 -144 
62 -106 11 35 -96 -16 24 -111 -85 15 -132 -90 56 -122 -82 0 -75 -106 59 -137 -90 19 -54 -68 
10 -135 -39 37 -32 -45 55 -26 28 27 -74 4 -79 -29 -109 -31 -47 1 56 -163 14 74 -133 -88 
148 -182 -201 119 -169 -114 134 -213 -121 109 -119 -202 19 -60 -36 -7 -160 116 -17 -136 0 26 -105 -176 
31 -67 -89 18 -89 -27 7 -60 -48 -23 -70 -58 20 -112 -69 49 -79 -61 16 -25 -9 17 -42 -34 
1 -33 -103 51 -85 -122 70 -96 -67 39 -116 -41 44 -124 -46 23 -83 -70 28 -111 -32 9 -40 -46 
37 -76 -57 8 -59 -150 21 -104 -81 64 -147 92 13 -128 -29 0 15 -86 14 -99 40 32 -117 -89 
-9 -138 -65 22 -132 -108 80 -121 -63 22 -26 50 -25 -112 -35 -14 -34 -32 13 -17 -8 19 -51 -66 
-7 1 -7 0 -139 209 -75 36 -60 27 -146 -274 98 -54 -163 170 -143 -82 90 -273 108 32 -109 -201 
64 -215 2 104 -152 18 74 -94 -31 11 -136 -49 27 -143 -35 102 -120 -30 102 -147 -17 67 -116 -9 
-32 -118 62 -7 -150 76 68 -140 -29 113 -99 -48 128 -131 -191 80 -182 -62 55 -264 -18 34 -143 -140 
19 -141 143 26 -112 48 17 -152 -38 -16 -98 -118 72 -117 -174 133 -148 -57 82 -155 -36 61 -68 -92 
-60 -97 105 -28 -20 78 45 -119 7 14 -11 -58 27 -103 -198 43 -144 -27 25 -91 -16 92 -149 -17 
82 -134 -99 40 -171 67 55 -98 -21 51 -66 -64 39 -128 2 12 -119 -18 26 -132 -79 -3 -125 -174 
100 -92 33 97 -100 192 15 -77 -2 15 -91 -26 26 -29 6 35 -77 2 24 -96 -120 50 -99 -39 
-5 -155 54 63 -180 -65 69 -99 -178 63 -122 16 39 -153 31 18 -104 13 11 -78 -5 59 -152 -27 
85 -146 -97 28 -140 -50 31 -142 100 73 -111 -71 58 -109 -4 55 -163 -19 54 -90 -47 55 -144 15 
-20 -89 62 0 -96 115 9 -96 113 22 -108 59 51 -44 -63 28 -78 -5 94 -217 36 96 -143 -163 
149 -261 83 146 -130 -94 42 -132 21 -19 -135 -57 -42 -142 55 44 -107 -63 58 -106 -107 94 -109 -73 
44 -84 -31 -9 -163 51 -30 -83 15 8 -70 -58 70 -82 -104 77 -151 -71 8 -136 55 51 -91 -59 
38 -126 -16 25 -104 -29 15 -124 -131 20 -114 -138 66 -76 4 50 -90 125 -59 6 33 -49 -66 69 
-16 36 -77 102 -80 64 86 -126 -94 130 -138 -118 42 -219 36 69 -186 -93 64 -115 -59 58 -139 76 
5 -40 19 7 -124 -68 -44 -122 -21 70 -192 0 100 -127 -144 150 -116 -118 81 -199 -3 -2 -157 -11 
-6 -122 -96 116 -175 -31 76 -145 -176 76 -197 -44 99 -130 -9 -2 -94 53 -2 -125 -4 36 -95 -20 
11 -60 39 25 -36 -135 47 -127 93 -5 -114 45 1 -109 29 32 -121 -9 111 -140 -120 96 -95 -46 
74 -181 53 20 -134 -14 12 -100 32 42 -88 36 52 -115 31 30 -99 26 22 -64 -34 76 -126 13 
15 -103 -8 66 -115 -55 57 -101 -91 46 -132 -41 26 -127 0 13 -96 -13 17 -60 -38 35 -80 -20 
64 -162 -31 12 -88 -27 52 -119 -5 70 -176 1 -11 -25 8 20 -112 95 -12 -58 37 2 -65 -25 
59 -110 -30 73 -102 40 72 -199 106 53 -103 -48 23 -60 21 70 -231 40 23 -114 30 72 -130 -16 
83 -144 -41 124 -211 -30 124 -169 -37 93 -197 -46 30 -128 -42 42 -192 57 75 -125 30 51 -159 -10 
45 -192 -12 85 -172 6 84 -162 -11 43 -158 -5 77 -143 -15 116 -174 -36 74 -131 18 89 -239 13 
92 -210 -81 135 -193 -29 91 -211 -58 63 -99 7 113 -185 10 65 -112 66 23 -139 54 16 -149 100 
134 -180 -148 167 -185 -192 69 -152 11 73 -235 112 -1 -56 -31 -33 -112 112 22 -110 82 98 -88 -20 
63 -158 -27 31 -152 -39 31 -160 59 41 -171 101 90 -138 -66 72 -116 6 79 -167 8 71 -172 -6 
72 -163 -11 102 -160 -11 86 -105 -15 64 -156 -4 22 -138 -46 18 -157 -89 77 -200 -72 76 -84 -69 
50 -140 43 28 -81 9 13 -107 16 38 -75 -50 30 -98 -55 -6 -73 40 27 -137 11 -2 -119 -78 
29 -88 50 51 -102 3 25 -70 -59 12 -74 -31 -15 -89 -7 29 -119 -28 11 -75 -58 40 -115 16 
20 -94 -20 5 -90 47 45 -91 23 57 -115 -87 102 -160 -115 80 -151 -81 88 -224 -50 118 -163 -64 
62 -160 13 42 -97 32 56 -107 -38 69 -172 -29 58 -129 -40 66 -142 34 20 -134 22 43 -137 -1 
40 -132 -3 66 -148 0 59 -116 -22 49 -117 0 8 -116 30 19 -153 25 36 -148 11 36 -95 16 
73 -157 -55 79 -135 -86 59 -122 -49 69 -90 -31 42 -113 15 6 -75 9 18 -113 9 8 -108 -20 
30 -119 -34 71 -85 -72 44 -96 -13 32 -92 7 0 -90 30 -36 -84 -27 45 -127 -21 77 -98 -48 
56 -126 -25 47 -160 -18 21 -166 -7 5 -95 47 84 -73 21 80 -44 -89 2 -99 -81 46 -167 -71 
44 -123 -46 45 -92 -47 7 -106 -15 -3 -71 -7 43 -157 -33 40 -141 -167 78 -185 -88 30 -155 -8 
71 -89 -144 58 -129 -118 16 -129 -110 35 -136 -112 30 -72 -139 48 -131 -18 29 -86 -66 5 -101 -119 
39 -115 -114 36 -127 -113 26 -113 -87 39 -40 -62 33 -52 -47 6 -54 -2 6 -122 32 -47 -62 -8 
34 -64 -135 -25 -66 193 66 -147 40 16 -22 -51 119 -156 -85 62 -102 -21 104 -187 45 37 -141 3 
32 -102 -38 28 -148 -20 -2 -127 12 55 -101 -21 59 -141 -30 81 -145 -72 68 -92 -101 12 -130 -47 
22 -156 -30 24 -66 -72 82 -104 -52 23 -73 -84 25 -162 3 -43 -89 -61 50 -60 9 55 -94 4 
9 -57 -56 10 -103 42 43 -119 24 5 -76 -23 14 -139 -29 -1 -98 -112 97 -133 118 49 -66 -16 
22 -102 -23 32 -53 -74 0 -69 -22 -24 -88 36 -6 -36 0 25 -41 -96 26 -32 15 15 -25 3 
-13 -62 -10 1 -68 -46 43 -74 15 -19 -25 5 1 -94 30 10 -102 13 21 -114 -105 72 -127 -94 
122 -141 -25 105 -128 -21 56 -95 16 -10 -126 -15 42 -182 -59 81 -140 -47 88 -141 -40 68 -114 0 
-8 -129 25 30 -145 1 62 -126 1 27 -109 -5 58 -186 -91 84 -135 -100 69 -138 -71 15 -150 84 
-6 -52 35 19 -53 0 55 -104 -14 15 -68 30 -9 -82 5 24 -142 5 39 -90 17 56 -112 -4 
53 -81 -11 92 -168 36 63 -131 -21 75 -113 4 18 -97 0 35 -102 11 19 -83 -15 8 -142 -50 
50 -154 -24 69 -134 -76 99 -120 -118 76 -124 -79 76 -129 6 -33 -41 -33 -10 -78 -31 -21 -78 -71 
-18 -116 -38 7 -108 -53 44 -121 -22 32 -63 40 38 -106 -32 0 -54 -104 22 -167 -98 36 -145 -30 
60 -131 -97 36 -97 -113 66 -134 -50 29 -108 -63 6 -88 7 14 -72 -55 13 -73 -23 22 -88 23 
25 -15 20 75 -124 49 25 -87 -62 56 -118 11 84 -96 37 36 -130 40 77 -157 -158 65 -148 -97 
79 -130 -37 32 -117 1 14 -95 74 17 -94 6 37 -119 -31 15 -142 -53 94 -151 -93 28 -111 0 
29 -87 15 13 -117 -4 41 -99 0 34 -87 25 36 -133 -24 -39 -90 -98 61 -128 -109 84 -141 -55 
44 -126 -71 9 -86 -42 22 -114 -20 66 -90 -94 55 -106 -98 85 -133 -106 67 -133 -50 69 -131 -44 
34 -144 -13 -18 -84 -42 24 -160 -78 50 -67 -20 53 -135 21 8 -91 -38 18 -87 9 58 -123 -38 
43 -131 -92 25 -137 -117 42 -136 -97 52 -156 -34 42 -117 21 19 -91 -36 35 -105 -93 80 -161 -92 
37 -149 49 14 -121 -65 55 -111 2 51 -110 5 58 -116 -74 133 -205 -84 55 -133 -43 25 -174 87 
79 -131 -46 73 -116 16 68 -90 31 29 -90 26 -24 -94 15 27 -108 39 35 -77 78 83 -153 92 
17 -158 -15 -25 -97 -45 115 -185 -115 21 -104 41 137 -205 112 63 -102 -56 -4 -125 55 -22 -125 125 
27 -117 -1 74 -146 -78 71 -155 -57 64 -96 -45 18 -123 69 -9 -78 -12 16 -109 -3 67 -60 -2 
67 -61 -32 25 -123 63 21 -105 -15 21 -123 -40 64 -130 26 85 -126 -17 70 -129 10 66 -185 -81 
74 -116 -100 72 -152 -2 27 -80 -40 -2 -67 -7 -18 -86 25 -20 -87 2 -51 -42 42 -13 -73 25 
52 -74 -50 56 -76 -10 4 -120 45 16 -170 -113 132 -190 -38 122 -165 -14 116 -120 -74 53 -104 -1 
-24 -73 1 -3 -111 61 6 -85 -12 30 -103 -68 22 -99 -1 54 -109 16 46 -146 -30 62 -130 22 
48 -168 -41 58 -172 -46 98 -147 -53 104 -179 -51 48 -137 -18 38 -172 -58 70 -149 -47 24 -119 -57 
33 -96 41 14 -100 47 -12 -48 -8 -7 -112 -13 44 -90 -78 26 -66 -21 23 -138 126 -26 -72 26 
17 -81 44 4 -83 69 20 -83 9 38 -98 -24 11 -102 -20 58 -117 -44 85 -132 -78 90 -150 58 
62 -105 -93 45 -153 -58 7 -116 51 33 -122 57 33 -51 -48 16 -64 -59 13 -100 -46 22 -108 -39 
-36 -80 28 -20 -59 56 64 -98 26 28 -48 27 32 -77 -4 18 -82 -77 57 -149 -102 63 -151 106 
56 -93 -52 35 -91 34 37 -94 53 37 -111 57 31 -133 37 11 -208 7 -4 -150 -37 141 -162 -43 
176 -180 -54 58 -143 -92 23 -197 5 41 -178 0 53 -107 0 72 -122 -77 75 -169 -70 0 -182 23 
18 -94 -67 88 -142 -17 114 -136 -61 97 -151 -77 80 -172 -103 109 -204 -68 118 -118 -77 81 -160 -27 
29 -141 -7 2 -147 -16 31 -91 -9 104 -175 -37 53 -137 -27 35 -135 10 42 -107 -15 70 -132 49 
14 -133 -60 -12 -148 -31 62 -164 -43 80 -116 -35 84 -120 6 30 -112 10 -6 -100 51 21 -103 37 
76 -104 -50 92 -108 -86 63 -117 0 27 -136 57 42 -163 3 12 -103 -82 68 -101 -63 150 -180 -14 
79 -143 -10 35 -99 10 12 -77 20 33 -136 21 94 -152 2 54 -97 -4 49 -128 -18 56 -217 -12 
78 -184 43 57 -123 57 57 -33 25 34 -98 19 29 -169 -54 75 -225 -33 105 -141 -51 85 -169 82 
-1 -72 4 38 -138 0 20 -113 18 4 -158 -61 108 -152 -85 111 -155 -38 110 -149 -74 57 -114 -71 
5 -129 57 47 -133 37 82 -138 -40 71 -165 -76 93 -174 -38 74 -142 -17 42 -142 32 50 -154 56 
94 -175 -110 80 -159 -141 67 -165 -9 55 -143 50 82 -170 -13 23 -125 -29 37 -142 40 84 -130 67 
40 -122 42 11 -153 -7 26 -119 0 64 -140 23 75 -158 -23 32 -144 53 39 -155 -20 83 -140 -114 
72 -131 41 51 -76 -4 0 -61 13 -51 -98 47 16 -79 11 38 -73 -34 46 -62 -9 48 -68 47 
16 -74 -3 69 -144 -50 74 -79 -31 64 -136 -2 54 -101 -87 44 -66 -90 53 -153 -86 12 -124 -59 
59 -119 -3 6 -49 -77 -14 -53 12 13 -118 10 22 -132 -94 12 -106 -31 32 -127 -20 54 -114 -20 
13 -33 -25 6 -91 -24 -35 -84 -23 4 -96 26 31 -73 -27 21 -151 -73 50 -69 -128 56 -171 -50 
67 -112 -115 46 -90 -107 57 -136 -48 -22 -73 -29 34 -99 -15 26 -109 -18 24 -86 -3 34 -111 27 
74 -82 -58 52 -90 -59 50 -94 87 17 -110 48 12 -137 22 63 -118 -180 126 -162 -170 92 -208 5 
8 -68 -4 -5 -127 114 14 -77 18 12 -101 -20 83 -109 -52 72 -71 -145 12 -153 70 8 -151 75 
77 -103 -87 48 -90 -1 55 -90 4 21 -97 6 -13 -101 -32 24 -69 -15 55 -96 11 44 -119 -19 
30 -80 -125 86 -145 -73 69 -124 -12 61 -73 -41 9 -76 -18 -13 -127 -27 -6 -131 -64 43 -126 -16 
46 -74 -80 34 -110 4 -1 -123 25 13 -91 -16 24 -108 0 72 -117 -8 25 -57 -10 46 -99 -3 
-13 -64 -47 23 -125 -9 57 -80 -46 75 -146 -37 -8 -136 -88 16 -88 -28 34 -113 -10 38 -74 -83 
65 -84 -10 -39 -47 -42 18 -80 34 -3 -63 -44 -14 -54 -5 48 -95 -50 60 -136 -54 26 -125 37 
32 -120 -1 78 -102 -40 83 -127 -13 59 -197 61 27 -144 45 38 -166 39 74 -153 27 70 -142 36 
46 -154 37 46 -166 20 112 -192 -15 131 -170 -10 123 -183 1 37 -177 44 -8 -160 70 32 -97 59 
55 -113 101 88 -169 -38 38 -102 -112 77 -198 17 132 -200 67 102 -88 -62 74 -106 -19 2 -132 42 
19 -106 10 58 -113 -42 70 -110 -58 52 -112 -14 14 -113 -23 20 -158 -27 33 -129 -22 72 -152 -49 
93 -96 -85 51 -108 -14 -13 -72 20 -1 -85 28 21 -63 18 13 -138 13 0 -22 -172 62 -87 -117 
23 -185 180 47 -97 -127 17 -62 24 9 -81 40 -7 -58 -25 42 -44 -62 0 -131 10 32 -165 -107 
38 -143 -11 27 -91 -67 45 -107 1 44 -119 35 37 -114 -32 60 -124 -46 48 -130 -58 0 -120 -2 
74 -93 -7 73 -105 28 43 -60 -8 41 -109 6 5 -72 56 37 -101 70 64 -87 36 36 -121 -19 
32 -133 -42 -17 -118 22 36 -156 34 51 -69 13 -5 -53 -9 0 -72 104 45 -97 64 36 -145 77 
57 -146 128 62 -210 77 16 -135 -114 79 -13 -42 67 -138 49 38 -115 -39 41 -109 -73 19 -164 -41 
103 -15 9 74 -77 21 -145 -203 100 27 -132 -100 -11 -190 -78 67 -116 -77 79 -135 -97 54 -61 -48 
6 -93 37 -34 -48 76 -3 -77 43 44 -45 18 35 -112 5 22 -54 -49 43 -118 14 45 -121 -19 
45 -111 -15 33 -134 -50 33 -120 0 82 -152 -43 68 -144 -91 85 -207 -132 70 -152 -187 39 -128 -21 
74 -102 -75 44 -147 36 -33 -146 -17 41 -180 -101 74 -159 -92 87 -90 -46 86 -107 -31 -19 -128 -37 
8 -133 -51 84 -172 -79 69 -137 -56 28 -88 -10 22 -115 -66 17 -133 -55 38 -69 -31 34 -73 5 
-35 -41 -11 34 -135 -3 35 -90 -55 -12 -120 58 9 -102 116 51 -106 -66 54 -111 -135 37 -156 -66 
50 -103 -17 44 -101 -81 20 -97 -65 15 -115 15 41 -92 -28 26 -63 -39 15 -64 -35 24 -92 29 
1 -105 -29 18 -90 -58 43 -129 5 22 -105 -32 95 -81 -83 77 -100 -13 21 -130 -2 18 -98 37 
-7 -91 -31 40 -137 0 70 -101 -67 41 -82 11 5 -91 25 18 -32 -32 8 -111 25 28 -129 3 
45 -170 -60 39 -167 -75 86 -136 -49 73 -135 -15 57 -106 15 3 -116 11 18 -107 3 54 -129 -43 
59 -158 -15 95 -148 -5 49 -131 -50 37 -157 65 31 -160 9 86 -151 -30 56 -129 -23 62 -137 37 
15 -110 10 -19 -122 79 47 -109 34 59 -72 31 55 -146 10 45 -172 -78 5 -127 -26 15 -147 119 
60 -86 44 54 -101 -76 31 -115 -28 53 -152 -49 22 -105 104 53 -128 32 97 -114 -115 17 -71 37 
23 -98 51 50 -125 -6 30 -100 -2 69 -107 -39 53 -132 4 60 -185 -11 64 -94 -59 66 -117 -39 
72 -114 -16 5 -71 -23 49 -131 -21 4 -114 -48 38 -120 43 18 -78 -21 21 -49 15 1 -22 -11 
-9 -85 46 -13 -84 4 15 -53 35 47 -88 0 -17 -63 -19 -11 -92 35 9 -114 23 70 -106 -22 
65 -154 -10 39 -182 -101 8 -112 -37 95 -152 18 65 -139 -36 33 -135 -22 34 -133 34 17 -131 16 
45 -100 12 84 -114 42 45 -134 21 71 -156 -23 61 -162 -70 140 -198 -24 108 -177 -81 44 -150 -66 
17 -136 -17 23 -152 -12 64 -151 7 42 -33 -5 19 -96 67 -2 -58 -23 -65 -91 40 -18 -103 74 
53 -18 -87 74 -132 59 6 -122 -59 27 -101 -40 55 -157 13 74 -128 -2 105 -153 -54 -16 -80 -50 
47 -83 33 22 -85 -21 21 -105 -62 73 -144 -65 32 -115 -19 40 -137 -41 18 -81 -58 39 -83 0 
-16 -86 -62 15 -86 -6 21 -101 -6 30 -99 -51 36 -109 -36 34 -96 1 60 -73 -11 29 -78 -22 
-7 -48 45 3 -34 73 34 -31 23 12 -81 -38 -29 -52 -23 46 -130 46 67 -104 77 10 -76 -33 
50 -143 -146 44 -88 -75 73 -163 10 49 -74 -13 34 -107 -74 47 -176 -100 56 -122 -18 74 -147 -36 
61 -143 -16 87 -186 -47 38 -132 -40 62 -196 -49 107 -222 -29 75 -145 12 58 -143 64 9 -141 63 
53 -145 47 75 -127 -71 122 -146 -59 91 -172 30 51 -152 -41 70 -171 -128 115 -160 -87 95 -189 56 
1 -125 22 -44 -85 -21 33 -118 -23 74 -179 -60 72 -164 -94 77 -164 -76 10 -123 -32 50 -148 14 
2 -103 -100 23 -134 -68 50 -131 -108 30 -95 -142 66 -99 -36 81 -92 -65 10 -59 -104 2 -117 -31 
25 -100 -92 0 -7 -41 60 -104 -15 7 -65 -53 8 -107 -23 -24 -94 -33 3 -97 -71 0 -43 -10 
13 -33 14 0 -54 -39 0 -22 -17 37 -57 -1 42 -56 10 40 -97 16 -18 -64 -57 -23 -82 10 
41 -96 -40 41 -91 -45 24 -105 1 22 -133 9 24 -49 -6 23 -92 27 16 -109 -20 39 -108 35 
29 -114 34 72 -119 -36 110 -137 34 63 -130 30 17 -126 31 8 -125 39 55 -115 44 91 -155 3 
43 -101 62 23 -121 4 20 -118 16 62 -144 13 66 -106 9 44 -119 38 33 -115 -2 20 -114 0 
77 -127 20 41 -138 35 15 -91 33 53 -126 -28 49 -152 -37 82 -136 -30 66 -161 -55 66 -90 -45 
45 -152 -37 38 -157 28 57 -105 -80 50 -88 -42 23 -74 -47 18 -96 -98 -11 -77 -1 1 -120 1 
25 -70 -17 26 -86 13 25 -72 -65 36 -102 -25 2 -111 -56 57 -84 -71 19 -119 -74 -34 -78 2 
11 -59 -49 17 -50 -32 -6 -41 11 6 -56 9 0 -64 -52 35 -84 -50 20 -110 -24 26 -169 4 
73 -80 -68 82 -101 38 27 -94 99 53 -101 -44 -58 -60 -80 61 -169 3 130 -135 -146 55 -186 15 
58 -97 -29 44 -66 -77 61 -146 76 65 -148 26 39 -81 -20 42 -124 -5 65 -137 17 62 -134 32 
8 -165 13 54 -156 6 96 -126 36 57 -80 60 31 -135 -20 39 -193 -43 58 -175 -34 149 -146 9 
10 -92 28 -2 -107 -6 12 -124 -10 34 -121 6 79 -168 -78 59 -159 -79 40 -141 -73 43 -140 -31 
99 -148 -171 62 -60 46 44 -143 32 -15 -44 -85 -10 -40 24 27 -23 -1 29 -43 1 10 -87 -38 
22 -62 57 66 -132 26 32 -105 -9 -18 -27 -103 57 -130 -16 24 -108 27 29 -37 31 39 -71 -10 
31 -140 41 -6 -110 -24 29 -102 -51 151 -179 -87 77 -117 -83 89 -146 -42 8 -106 -85 30 -162 57 
-8 -71 -17 41 -143 -20 46 -161 -36 40 -162 14 58 -117 -14 46 -91 13 77 -138 -16 81 -162 -32 
64 -155 -56 121 -199 -44 82 -173 -55 43 -112 -10 54 -209 -69 29 -177 -135 43 -108 -80 48 -111 59 
8 -72 31 24 -26 -60 20 -95 24 -7 -65 1 -25 -45 12 12 -90 3 45 -83 -158 85 -89 -84 
43 -147 32 46 -83 -115 -8 -81 -106 29 -147 -1 58 -116 -52 84 -67 -126 16 -71 -115 2 -82 -37 
-8 -106 -139 -22 -42 -86 45 -103 -11 46 -83 -76 -4 -42 -81 -11 -48 -4 2 -58 -21 -17 -46 -73 
37 -86 -21 -1 -55 -55 -8 -78 -40 -29 -64 -21 -17 -51 -11 41 -72 -25 23 -71 -20 14 -69 -25 
11 -69 -34 95 -101 23 36 -118 -19 -8 -105 20 -19 -160 42 -18 -58 49 47 -76 -60 81 -111 -94 
46 -225 -38 60 -177 0 114 -178 -33 92 -131 -21 75 -124 -2 63 -139 -10 61 -126 -74 37 -130 9 
42 -122 -29 52 -125 61 22 -79 20 6 -80 49 6 -76 91 -7 -113 37 50 -60 -14 46 -131 -25 
113 -148 -115 126 -175 22 80 -162 -48 -4 -117 -7 -54 -149 35 29 -64 57 130 -156 -53 52 -136 -107 
72 -168 -63 59 -151 -46 32 -144 -41 49 -85 34 25 -76 59 -35 -74 5 26 -118 -82 25 -97 -49 
26 -106 24 14 -96 -20 30 -84 3 3 -105 -13 6 -95 47 12 -79 63 50 -111 92 58 -83 64 
79 -142 74 65 -139 33 62 -123 22 67 -179 28 75 -161 33 59 -155 32 13 -112 72 26 -89 41 
23 -90 31 59 -133 -39 85 -152 -58 83 -162 -31 90 -187 -58 49 -160 -37 29 -166 39 28 -118 -31 
91 -173 -33 87 -133 -48 45 -117 -18 8 -76 2 66 -83 -28 -8 -88 -12 63 -124 64 18 -105 -14 
15 -118 60 45 -138 -43 38 -139 -73 89 -143 7 88 -197 -13 16 -158 -92 61 -207 8 5 -103 -47 
77 -103 17 54 -111 -15 20 -92 -47 -1 -115 -72 -4 -111 -39 54 -82 -31 57 -94 -8 26 -148 -24 
7 -138 12 65 -129 -24 20 -65 -20 42 -71 3 32 -84 -45 -20 -125 -33 -18 -87 -30 38 -102 -57 
37 -85 -16 26 -46 -19 29 -88 -10 -1 -63 19 16 -90 11 48 -96 -15 64 -99 -28 26 -94 -43 
-16 -72 29 19 -127 7 24 -96 -29 39 -45 -44 16 -63 60 -21 -19 19 -29 -28 65 -12 -72 104 
45 -41 23 43 -126 -21 27 -149 -83 48 -61 -83 88 -218 24 78 -202 20 22 -87 -16 47 -142 -17 
36 -147 44 39 -181 23 68 -130 -44 83 -130 5 118 -123 30 56 -121 -35 13 -118 -5 38 -152 -12 
59 -159 17 70 -122 -22 39 -135 11 24 -150 10 32 -147 0 28 -141 13 43 -136 -21 80 -169 -29 
38 -116 -26 38 -82 -46 2 -89 116 23 -135 44 37 -115 -19 50 -132 37 71 -75 -47 41 -92 -41 
20 -133 64 27 -122 -13 81 -100 -130 33 -117 -30 52 -128 -107 66 -146 -121 42 -113 -20 51 -103 -46 
22 -81 -18 3 -116 -46 17 -89 -74 61 -92 -2 101 -82 3 23 -93 -15 -56 -83 -11 -5 -69 11 
63 -151 -43 47 -114 -106 62 -94 -16 44 -113 -28 26 -82 6 -24 -75 -3 6 -79 -7 35 -74 -13 
18 -78 -2 12 -90 -29 4 -96 8 33 -111 -17 30 -91 5 25 -101 6 16 -128 20 42 -108 0 
59 -116 -3 32 -113 -39 57 -154 -25 105 -145 21 58 -144 29 28 -139 21 61 -190 -18 65 -128 -29 
82 -115 26 18 -115 30 11 -93 49 33 -122 50 8 -102 12 -7 -128 -31 84 -127 -40 54 -124 -16 
55 -87 60 -38 -86 146 -10 -47 80 -39 -80 70 33 -34 1 41 -102 -116 -15 -128 -16 -7 -168 77 
92 -115 -99 126 -111 -29 85 -98 -6 2 -135 85 -27 -98 49 -12 -84 -18 37 -112 -34 108 -136 -16 
58 -152 -68 25 -100 -64 49 -147 -68 27 -124 -38 78 -88 -50 16 -64 -50 -2 -80 -50 11 -78 -30 
4 -101 -81 13 -66 -139 37 -59 -47 37 -105 -34 -8 -59 -101 -4 -31 -25 -6 -56 0 -30 -61 -28 
-23 -21 -4 -23 -24 14 0 -51 -2 7 -94 10 1 -70 -30 50 -39 9 36 -48 8 42 -75 85 
75 -120 -73 91 -105 -71 44 -176 34 7 -94 -55 -8 -48 57 18 -51 91 14 -108 34 41 -174 15 
82 -160 -30 26 -127 -19 75 -157 -84 46 -152 42 53 -79 -41 3 -124 27 7 -151 98 68 -50 0 
3 -55 58 -12 -56 121 -14 -24 -23 -84 -40 -14 60 -226 -85 109 -120 -176 16 -6 38 32 -80 138 
-29 -45 -45 7 -32 61 33 -31 -10 39 -102 18 -31 -47 -56 -29 -48 -33 37 -128 69 88 -153 48 
61 -63 -22 61 -103 39 63 -99 57 -27 -88 -70 -22 -86 -15 60 -179 -2 34 -102 -33 80 -70 -154 
-33 -47 35 -75 -59 98 -2 -50 -65 43 -23 -63 61 -52 13 20 -120 -59 -20 -133 -107 30 -94 -195 
8 -22 -40 36 -78 -141 -47 0 -158 -34 21 -91 6 -32 -146 -5 -36 -166 -44 42 -133 30 -17 -135 
12 -36 -48 22 -2 -135 32 -51 -68 3 -73 -174 7 -79 -101 7 -104 -92 25 -88 -96 21 -83 -112 
-40 -68 -76 -8 1 -95 27 -57 -74 68 17 -79 16 12 -130 -37 -8 -94 -88 -12 -28 -12 -35 -45 
42 -35 -25 49 -27 -8 27 -59 4 -44 -59 -39 -11 -70 -93 33 -76 -77 18 -90 25 35 -94 -48 
-48 -73 -67 32 -72 -61 42 -62 -52 -2 -63 -16 -24 -56 -115 -1 -111 -115 -31 -68 -117 62 -64 -24 
3 -60 -137 25 -68 -117 19 -132 -142 51 -31 -211 11 -50 -52 27 -81 -76 0 -51 -139 1 -53 -70 
0 -74 -127 4 -33 -83 11 -33 -81 11 -6 -125 -10 -2 -28 -18 -37 -75 6 -35 -44 -7 -6 7 
-32 13 -47 -18 -44 -116 -1 -26 -141 9 -176 207 49 -88 -33 -39 -1 -199 35 -112 56 6 -108 -14 
0 -2 14 -46 -24 -54 30 -79 -9 72 -79 -87 88 -70 9 48 -180 77 44 -126 -73 17 -111 -64 
27 -149 4 73 -97 -14 79 -96 -108 40 -76 -86 -11 -59 27 -20 -79 -41 -16 -61 0 13 -55 -64 
-27 -24 113 -64 -40 -35 -8 -77 -83 57 -37 -94 -13 -23 116 -30 -19 127 -7 23 -9 34 -66 -8 
1 -39 -19 10 -31 93 -8 -59 93 0 -11 -29 47 -73 -119 39 -79 -131 -45 -74 106 13 -122 179 
22 0 -124 6 -91 45 2 -85 17 -39 -46 -57 -29 5 -125 33 -76 23 44 -93 -12 -18 -52 -95 
-3 -79 62 33 -58 -43 32 -71 -9 32 -60 -19 9 -48 47 7 11 18 40 -50 7 -12 -59 -32 
12 -104 3 18 -93 -14 -3 -115 -90 0 -116 -75 16 -104 54 44 -81 0 10 -61 -30 86 -141 -34 
64 -166 -88 47 -157 -57 27 -112 -93 37 -173 -51 0 -127 -111 46 -106 -60 43 -101 -131 82 -71 -134 
28 -15 -167 31 25 -138 -25 -55 -39 -35 -54 -49 10 -110 -73 46 -48 -149 31 -68 2 10 -6 -25 
-2 -33 -19 24 -2 -28 1 -15 24 -9 -95 70 -11 -88 -13 27 -117 -165 5 -171 -64 75 -125 62 
59 -103 -173 27 -116 -123 5 -51 -59 17 -94 -27 22 -62 -117 8 -12 -112 3 -44 -109 16 -94 -152 
3 -103 -149 37 -108 -301 53 -73 -198 77 -116 -77 -1 22 -317 56 -36 -153 -11 25 -193 -9 10 -144 
18 17 -155 -16 40 -67 9 -22 -77 -14 -20 -117 -17 -1 -155 -44 -37 -7 11 -64 -40 -20 -3 -123 
-63 43 148 -27 -18 16 5 4 -113 55 -126 17 53 -153 92 109 -106 -200 97 -100 -204 65 -185 6 
43 -105 -141 -22 -65 -71 13 -118 -27 1 -70 -106 8 -114 -94 9 -87 -158 22 -91 -124 50 -49 -112 
26 -78 -90 19 -51 -121 16 -89 -74 22 -65 -56 81 -80 -60 0 -66 -108 3 -121 -97 54 -142 -108 
13 -90 -28 50 -79 -49 27 -54 -42 57 -88 -34 18 -47 -63 -7 -30 19 -24 -51 29 -45 -47 -15 
-10 -12 -36 -13 -24 88 28 -86 103 -8 -55 100 23 -45 71 -34 -23 4 -4 -84 -19 17 -146 -9 
112 -165 -45 80 -146 163 50 -97 3 -25 -85 -2 -2 -145 5 74 -151 -7 52 -188 -30 67 -70 -49 
66 -127 110 20 -113 -30 -10 -68 -59 32 -179 14 65 -133 16 16 -148 -107 -16 -189 -172 88 -118 44 
18 5 121 -71 -36 0 -66 -22 67 -21 8 73 -11 22 37 34 -85 -106 29 -116 46 -25 -108 76 
39 -160 -60 -1 -38 -8 94 -169 128 85 -99 37 14 -111 22 1 -155 57 -16 -101 30 29 -146 64 
67 -131 7 130 -161 21 109 -207 13 71 -187 42 139 -192 46 78 -172 88 115 -128 51 118 -133 -17 
86 -208 -18 116 -241 -55 73 -154 22 50 -147 32 137 -198 0 40 -124 -56 65 -182 8 85 -167 40 
83 -170 -42 88 -211 -76 40 -134 -74 91 -179 -41 56 -164 -55 64 -130 56 33 -108 39 -25 -98 120 
11 -113 -22 43 -81 -31 54 -71 -91 25 -96 33 22 -131 39 -31 -66 -109 46 -116 -43 45 -172 -27 
48 -85 -32 37 -69 -15 -27 -39 -52 -21 -58 26 30 -58 11 14 -7 -58 0 0 -10 53 -88 -61 
-48 -55 32 -56 -14 23 17 0 13 19 -16 64 -41 -12 71 -42 -38 15 -86 -21 -35 27 -73 35 
101 -120 -5 73 -106 -70 15 -152 -27 25 -137 80 26 -155 37 58 -74 3 20 -100 9 27 -167 48 
123 -224 -123 142 -231 -111 81 -154 -75 123 -184 45 43 -237 -43 51 -143 -58 -56 -43 -103 85 -101 220 
7 -164 -39 40 -55 14 52 -47 79 25 -126 -7 -15 -129 -23 -1 -80 -65 -53 -58 101 52 -59 33 
21 -111 -22 3 -96 31 -35 -66 54 53 -57 10 31 -125 -112 -15 -70 36 101 -116 36 33 -62 46 
-33 -112 -89 49 -187 95 -2 -94 15 9 -69 -29 27 -60 -64 7 -69 50 59 -155 -15 36 92 -21 
-64 -115 94 -16 -109 -10 62 14 -12 78 -5 151 58 -13 255 -129 13 -27 -80 -21 -37 52 -214 -89 
86 -196 13 197 -217 -53 112 -171 -55 24 -60 17 22 -73 74 146 -263 -19 50 -117 22 114 -183 -41 
61 -230 11 129 -240 -114 100 -200 -41 76 -263 41 67 -197 -32 29 -132 -65 46 -193 -24 39 -138 -51 
163 -126 -129 94 -91 -58 40 -103 -7 -81 -42 44 -4 -64 2 -32 -63 31 68 -27 -56 76 -29 -63 
-75 -145 63 -43 -95 -27 100 -113 -119 147 -121 -95 51 -129 -24 75 -154 43 91 -148 -43 54 -118 -123 
107 -233 -30 107 -152 37 88 -140 -62 -2 -26 -3 17 -117 -47 12 -68 -75 25 -91 -25 26 -118 -8 
39 -91 -46 2 -139 -22 56 -118 9 51 -154 -93 23 -85 4 41 -132 103 33 -104 11 47 -116 -57 
49 -189 -115 19 -145 -81 -13 -148 -2 42 -88 17 -7 -24 40 -2 -71 21 5 -92 -23 9 -69 -21 
35 -88 16 -8 -135 5 61 -142 -53 50 -156 -40 61 -128 30 52 -140 41 44 -158 29 74 -70 39 
5 -106 7 58 -158 35 21 -113 15 50 -109 30 82 -191 -84 73 -191 -41 57 -211 -2 135 -181 -23 
106 -133 0 -27 -140 3 -18 -121 -1 18 -98 34 49 -90 -20 57 -70 -34 -23 -88 -16 -52 -91 25 
-57 -101 25 57 -163 -31 94 -121 -108 130 -97 -107 85 -110 -89 44 -22 -94 -49 -121 62 -12 -117 0 
32 -64 -126 53 -100 -90 9 -79 -60 -12 -85 -129 3 -102 -105 0 -50 -45 4 -28 -7 11 0 -22 
11 -24 21 -14 -10 7 -37 -63 -75 -30 -102 -58 34 -147 -66 87 -126 -70 112 -173 -132 62 -26 14 
-35 -90 60 -63 -51 6 13 -98 42 -4 -94 22 19 -163 -24 1 -119 -27 57 -184 34 173 -180 -56 
105 -115 -6 35 -175 82 -9 -170 63 59 -144 42 64 -170 -4 84 -210 -33 85 -139 -50 75 -160 15 
14 -137 9 5 -120 104 33 -126 25 40 -115 -8 72 -114 11 42 -153 -39 40 -179 -52 74 -123 -30 
52 -131 6 14 -120 32 -12 -150 -39 25 -179 -70 83 -148 -24 93 -110 -118 28 -112 -48 23 -102 -33 
1 -99 54 3 -56 73 35 -181 -19 26 -65 -186 58 -121 148 55 -43 -79 73 -193 -132 89 -166 10 
90 -160 230 10 -55 -137 -4 -145 29 92 -209 47 114 -143 -33 28 -146 -66 63 -187 -16 83 -141 72 
49 -95 24 68 -102 83 56 -103 121 -9 -188 7 -2 -124 50 2 -198 -118 112 -236 -116 148 -246 -104 
53 -165 -9 -2 -107 8 0 -178 12 17 -131 -129 91 -100 -15 82 -115 -93 58 -73 -63 16 -157 -30 
-8 -113 30 66 -136 41 89 -107 64 30 -51 15 7 -90 102 23 -206 0 0 -148 8 196 -227 -70 
136 -214 141 47 -176 21 31 -159 43 77 -245 41 104 -241 -34 126 -205 -100 131 -176 -77 93 -170 -13 
39 -152 157 -44 -50 171 -4 -99 76 -28 -39 -2 54 -105 38 25 -42 -2 21 -91 71 55 -151 -4 
101 -206 -65 32 -190 -69 112 -168 -2 95 -104 -34 50 -129 11 8 -168 11 23 -67 21 84 -156 43 
33 -142 -139 -5 -93 60 42 -116 52 23 -63 26 61 -108 52 6 -58 -19 55 -116 12 -13 -97 37 
-86 -94 2 59 -176 -24 80 -185 -72 72 -142 -30 69 -134 7 33 -152 -66 16 -165 -9 65 -154 -35 
33 -137 7 52 -87 -24 26 -115 44 11 -93 3 23 -91 4 20 -79 38 15 -134 -11 -6 -135 31 
143 -168 -106 62 -80 -73 20 -83 100 -20 -158 -40 -26 -135 -14 46 -150 -7 12 -64 -3 84 -111 8 
17 -106 60 40 -119 38 38 -135 -40 34 -75 18 46 -58 45 39 -100 -85 14 -76 -44 30 -170 -41 
32 -60 -36 36 -108 108 36 -14 -8 80 -83 -57 -43 -64 53 12 -175 44 8 -94 -3 69 -66 -2 
83 -140 23 61 -180 -83 20 -160 2 89 -142 79 92 -104 -6 13 -114 19 15 -172 5 14 -169 -45 
67 -177 -25 101 -151 -28 31 -130 -38 9 -147 1 43 -142 -26 62 -153 12 59 -146 -85 25 -94 -19 
26 -138 -7 32 -143 2 44 -121 0 55 -136 16 18 -100 35 41 -112 85 70 -146 30 36 -111 -27 
-2 -79 135 54 -67 224 56 -106 -27 60 -202 -41 51 -197 -103 75 -157 5 56 -200 47 79 -92 68 
23 -84 33 16 -31 110 39 -114 104 29 -111 0 26 -126 14 60 -169 -116 82 -137 -131 98 -158 30 
7 -115 -94 -22 -91 -52 -19 -113 -23 65 -126 -11 48 -92 -9 52 -94 -41 -17 -52 -43 48 -112 -28 
30 -67 -22 39 -106 -40 -25 -76 -54 19 -137 -28 -12 -75 -74 32 -9 -8 7 -18 -10 -19 -77 41 
22 -47 27 24 -86 52 -6 -79 -78 17 -35 -121 32 -95 -56 17 -127 -24 47 -81 -50 60 -55 0 
3 -50 -62 -29 -101 -2 36 -118 -15 66 -158 -55 78 -109 -49 74 -143 -18 71 -154 -56 35 -120 -44 
72 -144 -101 20 -117 -63 -2 -113 -71 -14 -50 -31 -6 -65 45 -17 -85 -9 -13 -29 27 17 -40 -15 
-1 -72 -76 -10 -57 -7 29 -34 1 2 -65 -27 -36 -68 -29 -18 -67 -26 -5 -58 32 10 -68 2 
14 -20 -30 79 -53 -14 -4 -48 -73 62 -122 -15 -21 -75 -68 -21 -121 -41 16 -72 -43 57 -149 -59 
12 -69 -68 30 -69 -34 16 -78 -37 -10 -71 -3 -26 -96 -42 -13 -68 -11 41 -103 -76 -5 -29 -22 
-1 -71 -83 0 -110 -30 17 -75 -9 82 -89 5 1 -70 -61 0 -101 51 15 -39 -22 2 -89 26 
12 -119 14 65 -60 53 131 -117 49 89 -140 -91 64 -176 -3 66 -183 -17 79 -149 -65 33 -122 1 
11 -69 57 0 -95 96 -23 -90 -5 -24 -69 4 84 -135 2 63 -107 -27 72 -106 -20 35 -106 -45 
-31 -101 41 -3 -101 22 14 -154 -9 40 -156 -7 71 -83 20 105 -76 -44 102 -116 -54 -26 -135 -25 
-44 -101 17 25 -78 -31 59 -72 -3 55 -73 11 28 -87 -24 -11 -100 -17 23 -108 40 45 -100 -28 
17 -110 -78 76 -154 -37 65 -140 -79 45 -112 -73 -3 -85 -90 3 -79 -24 -18 -65 -45 6 -81 -73 
61 -82 -124 -20 -49 -113 19 -68 -80 -9 -77 -105 8 -99 -109 -10 -73 -180 10 -54 -118 28 -50 -121 
-25 -9 -66 42 -53 39 -1 -11 43 39 -25 84 -31 -28 9 -28 -22 -228 68 -118 -7 93 -151 -109 
59 -163 -49 -35 -65 -40 5 -169 101 21 -121 27 40 -62 -42 52 -122 -134 -7 -104 -170 17 -165 -31 
2 -84 44 55 -109 -6 -46 -38 -14 7 -106 52 -61 -57 -44 70 -81 -105 40 -61 -120 48 -142 -12 
38 -72 -76 78 -86 -130 43 -56 -83 43 -95 17 -19 -11 -33 -12 -61 -19 -32 -58 -7 -35 -33 0 
19 -50 -16 34 -64 -38 21 -53 -18 5 -90 7 -43 -69 52 -13 -32 31 56 -67 -10 39 -77 -40 
-55 -116 -20 49 -197 -17 54 -171 -167 118 -187 -58 74 -166 35 32 -139 -68 31 -138 16 24 -153 -14 
56 -149 -40 81 -120 -78 14 -113 -18 -8 -105 -18 -16 -98 -4 84 -159 -36 30 -71 -56 80 -83 13 
-6 -83 7 -20 -57 57 -17 -101 55 -25 -161 54 23 -65 -45 95 -23 -41 103 -147 49 -8 -104 -47 
-1 -100 -5 11 -123 36 14 -133 49 26 -79 -40 11 -88 23 28 -102 43 34 -89 -37 4 -79 -67 
140 -106 -97 80 -81 -89 -48 -133 44 -38 -87 -28 -2 -143 20 20 -69 -58 44 -108 2 22 -63 -65 
-19 -116 -46 -28 -17 5 -12 -78 -10 -11 -63 -31 15 -9 30 -36 -39 17 -51 -53 22 12 -52 4 
62 -114 -35 -44 -85 -33 95 -114 18 55 -70 -38 30 -146 20 -27 -55 26 -22 -119 91 9 -77 3 
110 -182 -152 167 -101 -22 129 -125 65 40 -115 -54 -39 -78 53 -37 -112 161 -6 -64 55 4 -67 5 
32 -81 -11 72 -31 -40 30 -75 11 -2 -102 32 -17 -85 -14 70 -74 -22 -31 -58 -4 -5 -140 39 
-10 -129 0 -24 -115 -103 -27 -21 -78 36 -112 51 33 -40 -50 3 -36 -68 -81 -58 48 0 -40 -35 
88 -36 -32 -27 21 13 -28 -67 106 -58 -19 -21 -37 3 -15 42 -100 15 16 -71 0 50 -54 51 
-51 -63 -55 -52 -76 8 -6 -58 63 31 -73 -1 -21 -16 1 38 -67 17 -14 -85 -22 18 -114 -66 
25 -115 -34 37 -96 29 62 -50 -4 9 -45 19 -28 -60 36 -49 -90 33 -6 -74 41 59 -127 39 
97 -136 42 60 -126 10 32 -122 -22 45 -153 84 42 -109 38 56 -110 43 42 -106 41 52 -140 44 
36 -167 35 46 -173 15 70 -119 -26 91 -102 -34 4 -94 19 -24 -131 -27 -30 -81 -52 -2 -113 -23 
40 -102 -51 48 -81 -64 11 -59 -36 18 -71 -45 -7 -63 -50 0 -82 -73 25 -100 -48 0 -74 -52 
32 -108 -28 -43 -21 -52 -13 -72 -54 -25 -86 -31 29 -103 -77 -21 16 -105 15 -11 25 -44 12 10 
1 -19 78 -3 -56 70 -35 -27 15 -40 2 -53 -32 -15 58 59 -96 25 70 -122 -5 72 -108 -79 
88 -149 83 30 -107 104 -19 -58 -12 -4 -98 22 42 -108 -3 108 -137 -13 106 -193 -9 45 -122 -96 
64 -164 -72 51 -137 15 1 -42 30 20 -127 95 -53 -38 12 14 -105 39 19 -98 -36 86 -214 -154 
70 -134 -30 58 -104 -100 -11 -76 -36 -2 -55 -30 -30 -69 -21 19 -72 -6 -11 -42 -39 -24 -77 34 
-2 -59 -110 18 -51 -62 55 -128 -66 0 -41 -65 20 -73 -36 3 -63 -58 -37 -59 -74 -15 -123 -56 
18 -82 -115 30 -57 -76 66 -68 -68 -51 -30 -85 -18 0 -51 -28 1 -48 -18 -6 -50 -12 -33 -159 
29 -33 -77 -48 -16 -70 -28 -80 -25 -34 -60 -146 22 -75 -63 9 -74 -94 23 -69 -82 43 -116 -146 
3 -106 11 -38 -61 -86 55 -53 -5 2 -2 -23 -1 -34 10 -58 20 56 25 -68 36 11 -21 -7 
-44 -13 11 35 -86 169 92 -94 42 30 -32 -135 39 -139 1 20 -102 13 -2 -98 81 -4 -53 -50 
-28 -101 -5 -30 -78 -18 70 -117 -66 47 -119 -102 82 -76 -102 54 -127 -186 1 -95 -50 -55 -39 -36 
-8 -22 -37 15 -77 -52 24 16 -157 1 -68 -10 -36 -24 -76 -66 -7 -43 -8 -27 -13 3 2 -1 
14 -14 -2 -64 22 -37 -56 -25 -69 8 -88 -55 37 -124 -77 8 -25 -39 44 -41 -38 -26 -61 -51 
-13 -59 -73 14 -66 -39 -21 -53 -89 0 -81 -104 34 -74 13 28 -103 -13 7 -114 -6 -33 -135 -2 
34 -41 35 99 -86 -6 43 -75 -37 -2 -92 10 12 -74 62 38 -113 12 47 -121 -30 27 -83 -23 
9 -127 20 -9 -111 -19 -46 -76 -20 37 -126 4 54 -124 -100 58 -99 -90 13 -69 13 46 -85 -69 
-88 -100 -21 -1 -96 -25 33 -74 -64 19 -61 -47 11 -42 -45 -3 -75 14 -45 -40 22 -45 -40 -52 
56 -45 161 33 -11 -33 44 -91 -15 -45 -62 -16 -1 -116 91 1 -48 -14 37 -40 11 38 -61 19 
-37 -32 41 -6 -70 64 -4 -36 19 30 -68 10 -13 -107 -27 -31 -68 -6 71 -100 8 46 -72 24 
14 -75 53 -5 -91 6 -34 -103 10 53 -93 44 60 -92 0 25 -77 79 91 -139 44 39 -136 91 
-4 -79 123 102 -129 76 -9 -56 45 42 -136 100 63 -115 73 59 -104 48 18 -89 79 -8 -109 23 
57 -126 -6 70 -127 0 -4 -69 79 -43 -59 -24 -44 -27 -10 17 -119 47 -21 31 71 11 -30 -13 
-2 -102 39 10 -164 -26 59 -118 -56 51 -80 30 57 -70 51 -25 -73 -9 0 -81 -21 4 -124 27 
35 -121 -31 18 -137 -86 -4 -105 -31 51 -75 127 -19 -47 21 -100 -3 43 -41 87 106 99 -94 -22 
50 -127 -223 39 -15 -121 32 -394 264 -10 -67 -128 38 19 -35 95 -189 29 17 -89 38 18 -101 -10 
90 -186 -36 111 -223 44 106 -147 38 115 -138 31 41 -128 14 67 -231 50 62 -216 -9 31 -156 -18 
120 -156 -25 108 -186 8 52 -153 60 41 -150 73 35 -153 -4 52 -159 -1 83 -183 1 75 -182 -62 
32 -112 3 19 -152 60 -10 -84 15 -9 -152 -16 33 -92 -3 65 -109 -34 37 -88 -59 23 -121 -57 
6 -84 -34 42 -112 -10 9 -119 -80 27 -58 -9 4 -82 -12 2 -116 -94 -33 -52 -60 60 -138 37 
26 -102 -85 -6 -76 -15 -21 -42 -26 -67 -58 -20 -65 3 15 25 -5 -21 27 -22 -25 -15 -11 -40 
30 -128 -15 -21 -91 40 75 -174 -41 -8 -68 -27 112 -146 2 32 -84 36 92 -182 49 -21 -111 29 
35 -125 92 87 -136 5 74 -154 35 105 -161 18 73 -138 35 52 -196 11 22 -193 4 6 -136 76 
68 -116 81 46 -107 34 55 -150 31 33 -135 -18 79 -205 -6 42 -130 -19 91 -166 -54 -40 -116 6 
16 -105 -24 0 -117 -16 -23 -93 -49 42 -71 0 31 -68 -9 19 -85 -53 -8 -84 2 37 -154 4 
50 -85 -81 57 -83 -56 7 -94 -20 -41 -106 -50 -39 -72 -32 27 -95 -24 19 -25 -45 89 -71 -27 
-8 -75 16 -29 -58 -66 -34 -96 20 0 -62 8 58 -101 -37 1 -57 -27 13 -120 4 0 -107 -23 
26 -145 9 3 -149 -32 21 -84 39 87 -96 23 45 -110 -2 28 -97 28 6 -103 28 -15 -24 109 
-56 -58 -11 70 -106 119 21 -47 70 58 -100 24 -32 -88 -12 -53 -77 -1 35 -95 27 39 -78 -43 
68 -97 5 -36 -90 37 5 -76 30 36 -101 44 9 -87 -1 19 -61 -82 74 -128 -22 70 -97 -35 
15 -73 -46 -7 -102 -42 -43 -46 -86 -38 -116 78 -20 -65 16 1 6 -65 47 -77 -34 31 -108 -44 
13 -146 -16 -14 -124 -49 5 -55 29 -30 -61 84 -12 -50 3 9 -42 27 24 -71 -20 0 -107 -39 
-69 -87 -17 13 -90 -39 52 -66 72 155 -143 -49 0 -101 -9 11 -198 16 22 -140 -13 103 -134 -6 
77 -153 -84 60 -130 -33 75 -161 -53 -11 -112 -25 -8 -163 46 7 -73 13 94 -132 7 40 -54 -45 
1 -151 -75 42 -123 -37 59 -158 -71 53 -101 -14 38 -95 -14 24 -105 -20 -26 -76 -4 12 -129 7 
4 -103 -69 23 -93 -43 21 -115 -28 7 -74 -37 24 -96 -3 26 -172 -65 -11 -59 -96 44 -171 -13 
9 -99 -84 9 -68 14 -36 -30 -23 -19 33 49 25 -77 17 -8 -10 -20 6 -24 98 -24 -106 -42 
-16 -111 -58 64 -104 -34 82 -98 -51 43 -120 -92 -29 -111 -59 -11 -103 -13 7 -98 22 47 -110 -64 
56 -146 -58 20 -130 3 40 -124 -10 -8 -89 52 6 -140 43 76 -72 38 96 -140 89 25 -71 18 
24 -138 46 0 -124 182 14 -138 119 82 -75 71 88 -127 5 10 -63 -98 109 -182 -31 75 -219 106 
79 -146 -64 49 -129 -2 63 -144 24 69 -123 -15 70 -216 -63 47 -185 -70 40 -115 -78 78 -126 43 
33 -121 -8 -38 -59 -56 24 -154 -29 -2 -127 -49 44 -106 -193 97 -110 -116 34 -142 -93 -2 -81 -115 
-18 -86 -50 -3 -40 -91 43 -4 -84 -14 15 58 -57 -13 15 -61 -53 -28 21 -103 -50 0 -122 -69 
89 -173 -58 36 -120 -189 95 -139 -45 -7 -98 -56 -17 -80 -113 25 -122 -80 -15 -71 -102 -20 -47 16 
-12 -30 15 94 -133 -16 85 -87 -152 42 -39 -113 74 -116 123 20 -127 -89 -37 -80 -1 12 -126 62 
56 -92 41 49 -170 37 8 -139 -80 68 -153 -61 33 -89 -23 46 -164 8 -29 -54 -80 -11 -82 67 
22 -12 -68 -23 -40 -44 -11 -56 -47 -6 -64 -9 28 -53 -44 30 -66 -97 5 -92 -57 10 -91 -16 
19 -80 -94 -21 -83 -96 8 -103 -82 20 -118 -135 93 -95 -153 61 -26 -191 7 -53 -126 -57 -43 -107 
-57 -49 -111 -30 -43 -56 -11 -42 -83 -4 -21 -143 34 -66 -131 -5 -89 -104 -28 -82 -147 51 -69 -120 
-17 -37 -146 -15 -89 -137 24 -64 -115 33 -116 -102 -2 -71 -130 110 -142 -131 59 -79 -117 19 -88 -106 
0 -43 47 35 -107 -116 -20 -69 -17 -16 -45 41 -7 -91 -51 64 -128 -90 47 -93 -65 39 -71 41 
-18 -66 -38 1 -80 -70 -3 -96 -38 8 -64 -30 42 -106 -33 17 -70 -85 29 -7 -57 -2 -25 -37 
-31 -23 -35 -61 -98 -40 -10 -103 -64 64 -97 -110 11 -64 -25 25 -67 1 38 -60 -145 14 -48 -39 
3 -88 -50 -12 -106 -154 14 -115 -114 21 -48 -119 5 -7 -138 -23 -35 -63 -53 -25 -114 5 -50 -98 
24 -39 -173 -19 -18 -123 -28 -33 -127 -30 -25 -108 4 -41 -120 -16 -11 -126 19 -35 -129 -5 -23 -102 
-29 -12 -69 -43 -31 -21 -2 9 -42 39 -4 6 -8 -53 18 -9 -94 -24 -14 -107 -4 21 -95 64 
70 -139 -18 95 -87 -9 68 -115 45 -56 -81 71 -33 -102 105 30 -73 30 30 -97 77 55 -93 6 
32 -137 96 45 -96 34 17 -74 75 25 -126 45 21 -121 35 43 -114 40 77 -171 13 110 -197 -21 
20 -83 23 -22 -85 23 15 -92 27 54 -109 -4 41 -133 -34 69 -126 -61 73 -155 -102 -15 -81 -72 
8 -137 18 24 -145 -145 5 -68 -112 22 -102 -52 30 -71 -82 9 -69 -69 -5 -72 -62 27 -62 -63 
5 -63 -70 14 -73 -103 9 -70 -99 -2 -43 -56 3 -46 -101 -26 -31 0 -4 -18 -16 -17 -42 -46 
20 -106 -88 13 -108 -43 14 -155 101 58 -110 -130 46 -100 -89 -28 -99 92 30 -67 25 88 -101 18 
16 -93 45 69 -159 32 28 -129 -28 44 -121 21 -13 -132 163 75 -101 62 50 -78 -2 57 -99 103 
17 -118 66 24 -110 40 121 -177 37 45 -129 46 90 -130 60 65 -169 29 43 -130 46 6 -143 79 
2 -145 18 64 -160 30 89 -177 46 92 -89 -19 11 -169 14 -11 -156 -23 1 -114 12 106 -92 35 
29 -71 -28 23 -116 -43 28 -139 -6 -28 -117 -24 28 -166 -35 20 -112 -83 136 -111 65 86 -78 29 
-90 -96 18 -7 -147 12 9 -65 30 76 -123 -19 20 -107 -77 6 -115 32 14 -113 31 28 -115 -26 
83 -128 -56 29 -141 -70 -1 -126 -25 10 -141 -26 29 -136 -65 35 -121 -119 63 -138 -13 88 -159 -54 
44 -128 -36 -16 -35 -30 27 -68 17 -19 -73 56 44 -59 9 68 -32 -148 18 -95 188 -5 -129 109 
50 -99 -10 77 -148 57 25 -114 137 79 -165 92 88 -143 27 85 -170 -24 68 -163 -16 67 -139 37 
47 -73 71 -71 -24 97 41 -111 116 57 -135 23 69 -87 -21 116 -167 -48 36 -185 21 39 -187 -13 
29 -120 -31 32 -78 31 32 -165 -32 -19 -196 -129 42 -183 -106 75 -88 11 38 -39 102 -22 -41 26 
6 -14 -13 -8 -16 28 64 -72 -199 9 -54 -2 18 -49 120 16 -99 68 17 -102 -128 -12 -51 113 
2 -125 62 -104 0 -165 -54 -77 -100 66 -154 -32 81 -193 34 31 -82 -66 37 -119 -56 18 -136 -49 
18 -121 -15 30 -97 -7 39 -51 -49 19 -123 27 9 -115 19 54 -115 24 6 -67 127 13 -113 208 
77 -90 -95 132 -152 -38 25 -125 56 36 -217 210 -6 -148 -31 16 -128 -9 76 -168 42 131 -176 -10 
69 -209 71 31 -132 -15 60 -158 68 24 -155 20 45 -112 24 18 -145 -8 37 -162 -49 29 -163 -60 
90 -141 -13 61 -132 -82 37 -150 -129 17 -124 3 55 -94 -63 1 -92 -54 13 -89 -145 46 -83 -8 
-25 -66 -63 -24 -42 -79 -19 -45 -56 5 -102 16 20 -102 -50 1 -83 -23 0 -86 -60 8 -71 -120 
10 -48 -39 -1 -104 -22 -55 -75 -50 -11 -49 35 18 -42 -6 73 -57 -16 -36 -37 -9 0 -107 3 
13 -121 80 77 -125 -27 30 -109 32 29 -137 110 36 -143 30 79 -106 14 53 -132 27 97 -202 23 
101 -185 31 9 -168 79 18 -179 91 57 -230 19 77 -191 0 63 -125 54 30 -114 40 46 -51 60 
-11 -78 -9 -23 -134 39 -5 -85 5 26 -101 46 52 -91 37 48 -96 26 31 -103 38 61 -110 -52 
29 -157 33 6 -108 14 -22 -90 30 4 -42 -2 69 -130 -15 109 -151 -53 10 -89 -25 51 -90 -10 
-5 -152 -89 6 -144 -81 5 -66 -77 0 -42 -112 6 -58 -107 12 -9 -68 -15 -18 -16 -65 53 -34 
-33 -60 37 19 -108 33 0 -76 -49 39 -55 -35 46 -95 -9 55 -83 -52 55 -92 -72 28 -104 -24 
16 -122 -61 66 -167 -118 39 -139 -43 81 -126 -11 -31 -116 -53 -15 -145 19 22 -134 -37 55 -188 -60 
124 -157 -65 64 -86 -52 9 -74 -30 -8 -114 85 -20 -103 50 -11 -88 -17 9 -74 55 67 -87 -11 
32 -118 -58 -44 -111 -12 34 -155 110 18 -118 -77 56 -38 -87 61 -101 -10 25 -127 -45 3 -125 -53 
23 -138 -102 18 -60 -54 72 -98 -53 28 -86 -115 -53 -90 -61 56 -129 41 43 -85 -23 41 -10 -1 
-29 -23 -38 -32 -6 -44 15 -43 -8 32 -58 63 91 -157 53 -13 -69 -93 3 -40 -74 -74 -92 59 
-8 -96 12 30 -39 13 51 -81 34 -10 -152 -68 -14 -116 -116 84 -184 22 101 -128 32 61 -107 -51 
15 -150 9 21 -144 34 19 -89 7 74 -125 19 88 -109 6 56 -120 23 -28 -132 62 9 -136 33 
130 -117 29 114 -131 -40 37 -224 -69 8 -191 -20 57 -162 25 97 -86 -26 55 -78 65 26 -140 26 
-2 -134 -48 14 -133 -32 70 -134 -47 90 -103 -46 19 -90 -15 16 -117 31 1 -64 27 -54 -111 -59 
75 -129 -3 88 -94 -102 24 -48 -40 29 -89 -6 -9 -79 12 15 -84 0 -2 -46 -18 33 -81 5 
33 -61 -5 -27 -17 13 -1 -78 63 1 -43 46 19 -101 29 -5 -83 30 47 -76 16 61 -114 13 
54 -98 12 32 -130 59 -33 -75 44 42 -60 35 17 -124 -15 16 -145 63 13 -86 -36 66 -122 -48 
37 -142 13 82 -172 -37 46 -171 -13 10 -138 -12 42 -140 6 64 -139 18 84 -139 0 68 -151 -38 
55 -154 -2 99 -191 -42 42 -131 -47 61 -146 0 37 -140 7 49 -126 8 27 -120 24 27 -120 18 
10 -57 -8 34 -99 28 -9 -86 -12 26 -103 8 13 -103 37 46 -88 53 43 -68 -32 36 -97 -45 
24 -123 29 11 -130 14 29 -148 -29 7 -110 -32 17 -98 -12 56 -123 1 34 -87 -82 29 -73 -18 
13 -103 -6 30 -113 -45 -55 -113 -82 56 -43 55 114 -103 59 -3 -32 -58 -33 -40 7 -19 -99 38 
3 -48 12 -3 -40 1 33 -89 4 45 -140 -7 -14 -47 -63 67 -116 -18 5 -78 -43 28 -125 -13 
-25 -91 10 59 -98 29 16 -65 -39 19 -108 0 17 -107 -77 52 -150 -43 49 -139 0 69 -125 17 
5 -127 6 40 -125 28 75 -166 15 56 -137 -73 26 -170 -39 17 -165 -59 28 -56 22 32 -107 39 
32 -121 82 3 -98 -17 -16 -78 25 -14 -75 -21 36 -106 21 27 -121 -72 28 -119 -35 39 -66 -25 
25 -80 -42 83 -109 -23 -49 -50 -47 30 -134 -36 -2 -126 -78 36 -125 -54 79 -114 -105 53 -111 -63 
38 -105 -74 44 -95 -104 19 -120 9 7 -135 -116 15 -112 -59 10 -129 -19 34 -90 -139 3 -65 -106 
30 -110 -120 -15 -25 -86 26 -59 -66 -32 -11 -56 -46 -22 -55 -17 -32 -9 7 -33 -71 -12 -14 -55 
-30 -75 -18 9 -56 -36 63 -91 -64 54 -135 -31 -4 -101 -45 14 -101 -57 15 -97 -54 0 -122 27 
49 -80 47 26 -191 12 34 -71 -32 61 -132 60 -50 -84 60 30 -115 53 34 -102 63 34 -116 90 
52 -84 -25 30 -97 -48 10 -129 90 18 -147 153 79 -115 6 30 -133 -29 46 -182 43 62 -120 0 
52 -77 -10 8 -99 48 -31 -111 58 14 -76 18 67 -93 40 61 -114 0 0 -72 -33 58 -133 22 
28 -136 25 21 -91 -14 36 -98 -12 40 -138 -2 45 -145 -78 61 -129 -84 47 -149 -41 11 -126 -72 
29 -118 -95 14 -98 -71 5 -84 -14 4 -102 -134 7 -82 -93 4 -72 -90 21 -76 -110 -8 -65 -86 
-33 -57 -88 23 -63 -101 27 -59 -50 28 -56 -74 14 -77 -101 -32 -24 -71 -14 -35 -42 -5 -25 -2 
29 -73 2 59 -105 2 51 -79 7 42 -92 -45 20 -105 -31 2 -131 60 63 -151 3 53 -102 0 
47 -167 31 9 -43 31 25 -111 30 9 -78 -56 72 -133 -7 27 -121 -3 29 -111 19 0 -71 -3 
21 -74 19 -17 -56 15 -30 -42 29 4 -98 48 52 -99 -49 32 -91 -12 31 -122 31 24 -60 1 
17 -109 -18 17 -80 -21 95 -146 -28 41 -101 -35 46 -107 -29 6 -114 0 7 -108 -15 30 -78 22 
61 -101 -25 -27 -53 -2 4 -95 2 6 -94 -30 6 -109 -8 27 -100 -38 47 -140 -59 27 -100 -58 
28 -98 -25 -1 -60 -45 -11 -89 14 22 -106 3 23 -90 -25 30 -102 -60 49 -104 -30 15 -137 -57 
107 -153 -46 95 -165 -56 2 -113 -53 48 -163 6 51 -156 -42 92 -148 36 27 -113 -34 25 -125 8 
50 -124 35 51 -103 24 72 -94 30 18 -49 1 31 -125 11 -48 -97 19 16 -93 120 53 -97 88 
54 -76 -55 27 -160 11 -8 -118 42 6 -118 56 39 -97 11 49 -75 -24 94 -112 -23 13 -100 -25 
69 -147 -30 16 -131 23 -4 -48 39 91 -89 5 24 -105 -52 41 -118 -10 24 -113 15 36 -81 1 
60 -141 -32 71 -107 -11 30 -132 38 -38 -114 39 43 -21 83 82 -118 107 71 -62 -38 16 -77 -59 
22 -191 81 11 -148 79 63 -39 -2 60 -31 18 22 -98 64 -21 -106 5 31 -136 50 54 -114 -17 
67 -193 -53 16 -145 14 55 -172 0 57 -159 -21 64 -156 -64 49 -157 -40 83 -214 -25 40 -119 -10 
75 -143 -16 64 -162 -33 35 -133 -22 72 -171 0 61 -189 -38 116 -179 -63 59 -174 -82 -16 -137 -38 67 -128 22 44 -168 -4 45 -148 -43 42 -88 39 45 -110 27 -13 -140 4 -45 -123 -38 71 -123 -4 48 -123 -79 26 -157 -72 18 -120 -78 32 -97 -65 -13 -126 -59 -28 -76 -66 57 -72 -45 58 -100 -29 
-16 -101 57 21 -134 -15 40 -109 -68 13 -87 19 2 -98 28 -19 -59 -39 30 -83 27 15 -59 -28 
-6 -112 -36 8 -124 -3 18 -101 -23 11 -82 -24 17 -70 25 -14 -77 -19 0 -88 28 53 -99 -8 
64 -147 26 59 -144 -33 82 -136 7 74 -147 26 59 -105 -20 32 -120 0 91 -184 -10 16 -121 -57 
69 -144 -16 53 -130 36 23 -122 19 33 -100 44 58 -113 35 32 -112 14 28 -135 -22 46 -160 -15 
90 -113 -36 74 -98 -5 25 -164 2 -9 -123 -66 -11 -94 -2 23 -114 37 41 -112 -94 10 -83 -5 
66 -122 -8 48 -112 -47 25 -116 -55 38 -104 3 53 -122 25 29 -133 -52 -25 -104 12 24 -134 -33 
92 -140 3 18 -145 -90 30 -129 -59 40 -131 -61 6 -126 -8 51 -90 -19 44 -134 -70 -23 -158 -97 
42 -175 -107 88 -137 -38 72 -113 -72 27 -88 -27 7 -114 -56 -35 -106 -67 5 -86 -40 60 -123 -25 
-28 -65 5 30 -99 -37 50 -124 -8 111 -154 -30 40 -119 20 98 -150 40 56 -123 -128 41 -157 111 
12 -111 -57 41 -154 7 53 -110 35 75 -120 -10 23 -161 59 24 -109 -31 -26 -98 58 1 -84 25 
-3 -96 -8 37 -102 24 35 -72 -13 53 -103 -15 8 -100 -32 58 -157 -73 -53 -92 -81 69 -158 40 
-9 -63 -40 65 -112 24 3 -76 -109 20 -162 -44 63 -131 0 59 -126 -5 5 -98 -15 14 -53 -23 
11 -94 28 -36 -75 0 1 -58 -3 29 -57 33 42 -127 -50 28 -97 -82 29 -120 -7 20 -121 -9 
29 -132 15 40 -64 0 48 -115 2 -7 -180 -53 13 -128 -99 156 -178 56 107 -129 26 75 -162 36 
-13 -131 99 59 -148 42 150 -194 -52 116 -171 -28 88 -172 37 74 -168 2 37 -112 -30 -12 -122 143 
-11 -107 90 41 -129 8 36 -107 13 44 -112 37 45 -129 63 -17 -114 90 31 -114 78 20 -99 -25 
107 -184 -1 120 -116 7 78 -160 45 35 -116 32 39 -147 -18 2 -101 31 78 -148 38 -30 -106 -72 
70 -187 -61 52 -246 -15 66 -191 -22 96 -50 -75 27 -137 35 -31 -116 -38 -35 -66 -53 2 -80 -12 
60 -174 -124 31 -146 -173 25 -150 75 -7 -89 -103 63 -97 -69 -24 -94 -90 110 -79 -38 88 -97 -56 
-31 -99 -8 -28 -97 -17 30 -192 30 34 -206 35 119 -101 -37 118 -62 -107 15 -94 -56 -13 -201 -25 
32 -130 28 53 -134 45 94 -115 105 61 -96 70 39 -115 -14 -84 -183 112 -38 -144 116 66 -81 34 
175 -163 -9 40 -130 103 65 -141 104 -15 -150 6 49 -213 37 31 -170 47 116 -142 -28 70 -102 29 
-10 -175 15 -51 -137 -35 58 -111 61 95 -90 -44 74 -105 -37 12 -109 40 26 -167 57 -2 -153 59 
54 -116 1 -19 -155 -15 -16 -146 -37 106 -121 3 107 -168 -21 48 -166 -104 -4 -102 -95 59 -110 -23 
19 -108 -24 26 -112 -74 9 -96 -17 8 -118 16 21 -111 1 16 -118 46 62 -120 7 19 -154 1 
36 -170 21 110 -164 0 108 -99 20 69 -139 33 3 -152 52 8 -149 38 -29 -153 0 128 -98 44 
43 -130 -18 -41 -98 60 22 -176 85 0 -142 13 0 -102 19 28 -67 28 67 -111 3 58 -108 -14 
57 -168 29 15 -117 27 74 -146 -25 58 -77 -69 94 -169 -37 7 -109 21 71 -170 -28 29 -139 -48 
116 -159 33 0 -105 -47 -17 -165 -57 -25 -166 -37 43 -186 -50 80 -136 -104 75 -130 -68 42 -119 -57 
-23 -91 -67 -32 -97 -11 10 -61 7 22 -49 -43 23 -34 -31 13 -80 -20 -11 -79 44 13 -173 -26 
85 -162 -15 45 -162 -17 62 -186 9 52 -136 -40 69 -204 -12 59 -168 -21 68 -172 -11 20 -92 -14 
17 -108 -5 29 -91 65 13 -71 -41 -25 -65 61 -6 -32 46 -52 -27 42 16 -103 -84 101 -162 -149 
144 -159 121 34 -68 -13 -6 -65 -38 -78 -57 31 -54 -107 39 -7 -86 29 55 -111 -84 86 -76 -85 
54 -72 -30 21 -117 -13 -41 -103 -48 -28 -55 -44 71 -131 16 35 -81 -126 50 -123 -18 -17 -97 -55 
-6 -70 -48 -12 -51 32 52 -109 -74 -55 -55 -100 58 -147 -33 21 -91 -111 -12 -93 -21 -20 -77 -25 
12 -46 -22 -21 -62 7 12 -125 48 -15 -86 19 15 -76 44 45 -128 34 28 -97 21 42 -114 20 
63 -169 -36 70 -103 -6 102 -115 50 29 -114 9 19 -158 36 40 -146 17 72 -173 -17 88 -146 -4 
69 -173 1 -6 -164 100 33 -105 31 91 -130 -21 3 -163 -24 103 -176 16 111 -137 -18 1 -150 -10 
14 -138 -54 58 -157 -43 63 -166 -45 -2 -110 16 33 -127 -73 62 -154 -40 4 -158 -58 45 -155 -28 
34 -121 -31 -19 -85 -103 -4 -77 -9 13 -141 15 34 -110 -69 28 -85 15 59 -113 86 21 -81 -34 
-58 -26 55 -1 -79 75 17 -99 9 7 -38 9 72 -160 45 -11 -100 59 50 -123 -12 88 -111 -42 
28 -120 -3 53 -171 -2 36 -134 40 45 -168 82 41 -174 -10 100 -147 37 65 -176 -18 82 -184 12 
89 -225 -26 87 -160 -6 67 -153 -28 1 -135 18 -58 -126 24 100 -141 95 110 -131 81 74 -137 -34 
31 -149 -49 1 -128 -33 8 -92 48 84 -175 59 85 -64 -33 48 -33 -3 -38 -63 0 -36 -121 37 
35 -119 -40 53 -142 -89 65 -177 -103 47 -75 -33 24 -118 -13 -2 -98 -42 -3 -108 -65 8 -106 7 
-4 -25 -50 2 -27 -6 -12 -13 9 -4 -40 27 -49 -47 80 6 -40 26 -13 22 -7 12 -25 8 
35 -83 79 -13 -97 -73 49 -89 -107 89 -173 -54 93 -192 -47 42 -82 -53 46 -133 -6 10 -113 1 
69 -128 -25 43 -121 0 71 -167 -41 63 -161 -72 54 -179 4 53 -176 -37 50 -99 -7 82 -136 43 
-21 -166 20 -5 -175 18 22 -137 17 59 -163 -9 90 -149 -86 87 -139 -69 18 -135 -96 62 -165 -12 
56 -80 -49 89 -124 -81 -39 -117 -22 -10 -135 -24 -4 -120 -53 32 -95 -17 90 -113 -40 101 -92 -55 
-17 -145 -10 19 -170 -2 21 -146 -75 56 -108 -58 40 -139 -43 52 -138 -84 -40 -64 -50 17 -157 -17 
23 -11 -11 41 -58 -59 12 -86 -18 0 -131 -7 -42 -137 -57 -29 -67 -5 65 -93 -12 64 -81 -33 
44 -108 26 -26 -96 73 -19 -91 3 18 -81 45 130 -138 82 114 -142 -17 26 -108 -13 50 -164 100 
56 -139 20 45 -140 58 94 -194 41 93 -150 63 101 -221 -1 63 -187 -60 63 -159 39 53 -186 62 
29 -130 64 50 -119 55 52 -150 29 38 -164 12 58 -153 20 58 -155 -20 27 -148 5 26 -174 -12 
41 -130 28 16 -131 -50 105 -165 -5 73 -116 7 94 -117 -74 32 -144 38 -24 -125 -10 33 -181 8 
127 -110 2 45 -89 -34 -26 -125 9 7 -119 9 42 -140 -12 47 -134 -55 48 -109 -47 8 -165 13 
22 -247 -105 92 -223 -63 106 -189 -86 41 -194 -112 53 -145 11 87 -189 -114 46 -116 -102 45 -117 -80 
5 -101 -53 39 -58 22 9 -95 96 28 -119 -82 68 -158 -67 49 -94 -58 2 -171 101 76 -165 -8 
-19 -80 -82 -40 -109 44 9 -174 129 -30 -38 -46 16 -62 -46 35 -97 -45 68 -122 -64 -44 -35 20 
72 -172 162 71 -124 -182 58 -69 -113 37 -141 -28 33 -200 105 31 -111 -99 41 -84 -110 65 -126 90 
38 -121 -106 45 -125 -10 -1 -183 17 -55 -163 -89 60 -167 85 63 -141 135 98 -107 49 12 -60 0 
4 -134 30 67 -168 6 123 -172 56 114 -156 7 55 -147 53 84 -165 25 94 -215 -28 69 -208 -16 
105 -207 -21 62 -182 16 77 -194 6 81 -213 -14 55 -243 -33 64 -254 -65 109 -218 -148 130 -196 -56 
104 -131 -35 -66 -154 62 36 -174 87 36 -75 41 55 -97 -80 73 -145 -37 27 -109 -46 9 -173 165 
0 -160 -83 78 -119 10 125 -93 33 131 -138 35 -18 -124 -17 -32 -112 -8 32 -172 19 88 -114 -97 
9 -133 -63 36 -129 23 6 -150 31 78 -154 -142 97 -210 -16 21 -159 -126 10 -109 -76 46 -101 -16 
10 -36 -90 -25 -85 47 -2 -123 1 15 -71 -58 31 -31 20 35 -38 48 34 -91 -56 -16 -96 -36 
34 -134 -26 13 -159 -65 43 -146 -96 108 -181 28 42 -161 -54 49 -169 -154 58 -188 -78 81 -162 -60 
69 -181 -89 29 -119 -66 50 -107 -93 54 -146 -120 51 -104 -69 35 -130 -26 30 -103 -41 111 -162 -67 
40 -135 -70 23 -134 -78 -36 -121 -78 5 -93 -46 60 -94 -66 79 -101 -52 15 -53 -67 -25 -62 -95 
-52 -35 -52 -17 -62 -78 28 -97 -90 39 -44 -82 32 -23 -12 13 -49 0 -98 -51 -35 -87 -25 -4 
53 -165 -70 45 -169 -5 100 -68 4 97 -82 -44 33 -79 -59 19 -74 38 -21 -71 66 -51 -94 37 
-46 -25 -66 46 -77 -23 99 -122 -100 91 -106 -63 -38 -96 103 -36 -128 -9 -5 -85 -99 13 -65 -8 
65 -109 -55 27 -84 -22 29 -104 -77 7 -131 -55 -50 -139 -59 20 -97 -39 79 -103 -45 20 -97 -80 
53 -155 -38 2 -141 -38 50 -169 3 105 -147 -61 91 -158 -19 27 -152 -71 17 -182 -52 91 -172 -48 
131 -154 -101 52 -160 -61 20 -166 -65 21 -160 -41 -4 -142 0 62 -135 -65 59 -149 -34 25 -80 -68 
13 -77 -32 63 -83 -10 41 -88 -83 17 -147 -24 -26 -138 -17 26 -132 -16 109 -165 -89 117 -170 -121 
38 -126 8 40 -156 -168 16 -162 -87 26 -183 -85 42 -140 -69 105 -93 -107 139 -120 -87 5 -60 -97 
-35 -116 39 7 -74 -56 5 -18 -29 49 -42 104 27 -101 8 -33 -34 -52 -7 -112 25 17 -62 34 
50 -78 -19 44 -150 -59 5 -143 -37 55 -185 -43 66 -134 -14 63 -112 -46 36 -97 -71 -6 -105 -10 
3 -98 -43 34 -115 -37 90 -115 -65 25 -82 -25 32 -121 11 68 -152 -37 59 -133 2 118 -162 8 
57 -168 -41 40 -144 -46 47 -152 45 70 -146 -46 78 -121 -30 37 -137 -31 35 -151 -34 34 -106 -32 
73 -81 0 10 -116 -4 27 -129 -71 27 -155 -48 48 -157 -51 61 -143 -61 55 -70 -74 63 -114 -31 
-25 -120 -82 56 -159 -73 36 -82 -78 79 -157 -104 48 -129 -77 45 -137 -65 -29 -76 -78 32 -108 -71 
56 -117 -89 35 -73 -83 19 -93 2 11 -89 -48 -18 -64 -19 -28 -15 52 6 -74 -19 4 -96 -25 
0 -12 -2 51 -89 7 -1 -61 0 46 -72 -92 5 -70 -15 63 -149 -18 29 -49 -22 74 -140 -12 
46 -126 0 65 -121 25 32 -129 37 14 -92 44 48 -160 7 94 -236 -63 98 -207 -53 87 -159 23 
133 -215 -28 4 -104 -40 19 -164 38 55 -118 -6 82 -131 -44 64 -141 -61 21 -147 -54 58 -140 1 
66 -109 -41 61 -148 -48 35 -121 -61 14 -145 -7 48 -141 -35 51 -113 -15 52 -118 -39 57 -94 -41 
-69 -2 47 50 -155 118 -35 -54 -84 55 -51 51 20 -40 40 43 -138 37 44 -127 -24 57 -131 0 
61 -154 2 44 -114 -31 59 -115 -12 -21 -80 -70 11 -118 -19 6 -88 -2 18 -103 -36 24 -95 -46 
53 -142 -29 87 -146 -46 103 -201 -90 75 -184 -88 71 -170 -45 78 -158 -33 55 -161 -15 53 -167 -6 
53 -184 -5 34 -115 -67 55 -115 -24 18 -106 -61 43 -43 -6 81 -118 0 -16 -97 -11 -22 -88 -16 
48 -146 -39 44 -103 -43 34 -71 -10 21 -110 26 8 -65 -23 16 -135 -5 -6 -85 -46 64 -154 -50 
23 -152 -72 53 -158 -51 59 -146 -134 62 -89 -164 47 -102 -71 -7 -111 -121 -1 -77 -104 0 -93 -61 
0 -26 -80 -19 0 -17 -59 -27 7 -38 1 -6 -11 1 -2 -5 -42 -34 -5 -64 -35 21 -26 4 
38 -107 -38 50 -118 -131 67 -142 -53 52 -180 -10 -2 -116 -80 6 -116 -123 43 -117 -58 57 -102 -56 
-24 -93 -141 23 -91 -97 11 -105 -103 41 -75 -51 0 -63 -48 -4 -85 -12 26 -75 39 67 -138 -34 
111 -121 72 42 -154 -9 -58 -47 -54 57 -146 124 92 -105 22 52 -78 -102 -45 -111 -16 23 -189 44 
55 -78 -66 82 -111 -59 -55 -94 15 -10 -55 45 67 -95 -10 10 -53 -55 82 -145 -33 -1 -81 -58 
24 -75 71 96 -157 -29 15 -109 -76 40 -147 -19 98 -204 -84 83 -178 -54 97 -178 15 67 -173 -66 
57 -192 -60 92 -197 -137 105 -162 -135 39 -64 -129 10 -26 -128 22 -74 -44 -14 -69 -119 -46 -73 -34 
-23 -49 -54 35 -20 22 13 -35 98 16 -79 -103 -4 -129 -189 53 -154 -133 106 -165 -97 101 -160 -46 
-52 -12 -126 1 -37 -54 1 -71 -143 -15 -63 -92 -25 -76 -87 -38 -10 -64 75 -84 -23 16 -50 -31 
15 -116 -42 10 -90 23 30 -77 14 78 -78 -5 30 -64 -14 27 -103 -7 29 -107 -8 12 -121 5 
43 -93 5 61 -112 -25 51 -129 -27 44 -140 3 0 -77 6 12 -115 -21 -13 -116 -10 81 -151 -76 
67 -123 -145 7 -101 -80 19 -117 -61 -6 -81 -51 7 -70 -130 -1 -73 -87 41 -69 -62 19 -7 -71 
-20 -80 -138 -36 -53 -91 16 -60 -47 1 -91 -25 32 -80 -164 22 0 -57 1 -33 -28 -34 -60 -88 
-28 5 -35 36 -34 36 -54 43 -108 -16 -57 -26 -106 13 -25 37 -76 -15 -14 -50 -13 -30 -71 -38 
32 -38 -44 56 -89 -9 22 -155 8 7 -102 36 60 -99 8 53 -122 -82 29 -152 -5 39 -121 -1 
66 -137 -4 46 -130 -2 16 -130 -46 18 -119 9 31 -139 -84 81 -152 -78 75 -118 -122 47 -104 -71 
-12 -152 -119 -5 -105 -76 16 -134 -90 20 -95 -98 -6 -88 -88 31 -88 -118 -4 -77 -113 12 -67 -94 
4 -60 -76 48 -98 -91 -27 -33 -137 7 -118 19 17 -99 -11 48 -121 -40 5 -35 -16 2 -101 32 
30 -73 -33 20 -126 -45 50 -110 -33 85 -127 37 103 -146 -82 -17 -89 0 77 -191 177 -108 -67 -292 
29 -128 46 112 -114 -53 6 -51 -73 -28 -86 -7 -36 -97 -49 -38 -83 7 55 -105 -69 51 -51 -51 
49 -116 -55 15 -105 -43 -4 -114 31 2 -94 -19 51 -113 -41 66 -134 -77 82 -179 -61 66 -161 -31 
69 -147 -65 28 -131 -58 39 -137 11 34 -142 -52 -5 -98 -51 22 -132 5 52 -103 -58 51 -58 -6 
30 -72 -56 59 -151 22 -8 -73 -60 18 -115 52 -13 -86 12 12 -82 52 70 -118 7 44 -65 -26 
29 -147 -69 34 -159 -51 73 -136 -13 66 -124 -15 7 -114 -28 -31 -84 -35 35 -109 -6 17 -102 -98 
38 -80 -62 81 -102 -100 19 -65 -142 15 -128 -14 -87 -71 -122 -10 -43 -45 38 -77 -5 18 -25 -97 
1 -34 -9 -57 -62 -33 -53 -29 -14 -2 -60 28 23 -1 -8 49 -44 -58 27 -117 -57 -37 -81 -48 
22 -85 -50 26 -94 -96 -12 -58 54 47 -74 7 42 -52 -74 13 -131 30 -10 -80 -36 -43 -116 18 
47 -119 -14 100 -154 -26 73 -183 -75 98 -144 -59 93 -156 -33 19 -146 -7 35 -170 -31 52 -149 26 
31 -60 0 5 -106 35 1 -83 -20 -16 -78 24 28 -134 -15 -15 -112 -14 130 -110 13 42 -58 -29 
-23 -95 -14 45 -168 -50 8 -113 -129 31 -122 -44 64 -70 -55 96 -70 -88 4 -91 -107 -35 -138 -9 
9 -76 -94 38 -51 -18 -5 -63 -82 -15 -54 -67 -13 -78 33 36 -104 -15 -8 -50 -48 12 -35 -32 
29 -97 11 -27 -49 -48 16 -95 26 -7 -41 -7 38 -102 -40 24 -39 20 46 -81 44 -12 -113 29 
-41 -100 -18 38 -102 -31 91 -119 18 63 -117 -15 52 -118 0 19 -147 17 37 -150 -2 75 -144 -8 
102 -129 -53 115 -134 -17 36 -118 7 -3 -193 4 9 -147 29 59 -129 28 133 -146 -67 86 -168 -111 
71 -223 -44 54 -166 -85 45 -175 -12 40 -141 -62 27 -124 -36 12 -163 -102 77 -142 -54 71 -168 -121 
12 -107 -69 7 -90 -6 56 -62 -57 16 -26 -34 60 -105 -97 61 -132 -137 -6 -143 -27 0 -118 -65 
-20 -55 -47 4 -76 15 -2 -104 -166 -30 -86 -127 61 -133 -53 64 -101 -104 25 -58 -104 -8 -20 -87 
-41 -107 -40 24 -96 -94 29 -76 -8 60 -96 -146 -34 -38 -77 -30 -79 -60 61 -146 -112 -3 -81 -123 
38 -100 -74 61 -137 -48 53 -87 -110 22 -79 -9 5 -104 -56 -9 -95 -42 37 -68 -16 51 -74 18 
34 -76 -9 36 -128 53 14 -132 4 37 -124 -55 82 -173 -77 27 -90 -20 89 -114 20 -5 -88 2 
-39 -92 -35 49 -70 -36 83 -113 -10 24 -119 -81 32 -152 -73 59 -129 6 70 -112 51 15 -81 -28 
-21 -107 -72 3 -131 2 40 -124 -27 -7 -65 -54 72 -90 20 39 -109 -33 37 -83 -44 8 -106 -13 
51 -115 0 1 -49 -46 36 -82 47 13 -100 -78 18 -54 -23 42 -114 52 31 -126 -101 7 -89 6 
6 -105 -42 35 -133 -29 43 -122 -36 89 -99 0 77 -135 -53 -41 -145 -97 24 -191 -43 66 -173 -23 
128 -138 -87 60 -100 -66 -16 -143 -46 0 -104 -60 25 -111 0 0 -117 -4 76 -99 21 49 -113 -17 
19 -150 -20 17 -129 -22 70 -71 -21 49 -94 28 9 -126 32 -37 -85 -25 0 -83 18 20 -128 -74 
73 -147 -52 105 -106 -45 16 -86 -46 -73 -100 26 -29 -56 23 -6 -101 -5 44 -98 -7 49 -100 -13 
104 -94 -28 -22 -79 0 -31 -88 50 75 -152 -15 48 -82 14 42 -114 117 0 -93 -18 30 -110 -70 
102 -150 4 150 -182 19 -28 -189 -39 22 -156 -78 70 -179 -97 56 -109 -151 0 -86 -36 -36 -85 -62 
9 -89 -63 16 -113 -58 -19 -52 -40 40 -92 -44 8 -81 -78 17 -150 -43 17 -90 -12 26 -44 22 
18 -76 -8 40 -40 -21 47 -143 87 57 -117 -56 59 -77 -13 29 -94 -38 -42 -101 0 -25 -105 48 
34 -54 30 20 -105 -20 3 -106 -60 6 -104 19 14 -137 -53 69 -117 -72 -21 -43 8 -30 -28 29 
52 -94 -76 22 -99 -35 17 -107 -41 33 -95 -70 28 -98 -52 31 -110 -102 28 -81 -7 78 -97 -64 
3 -83 -69 25 -65 -91 22 -81 -38 -18 -78 -92 -17 -86 -73 -2 -51 -2 21 -60 -63 0 -100 -88 
-23 -89 -65 5 -79 -75 59 -133 -50 18 -102 -129 11 -72 -92 -10 -29 -70 14 -75 -82 -8 -30 -66 
-1 -39 -11 -7 -105 -43 17 -57 -26 62 -79 11 24 -110 -34 34 -140 -70 4 -155 29 55 -119 0 
54 -168 -31 64 -128 -43 64 -85 4 25 -109 8 7 -109 16 17 -75 -35 -6 -88 27 9 -95 31 
74 -50 -15 69 -69 17 26 -32 42 -10 -86 80 -43 -108 -11 48 -182 -195 21 -125 12 30 -85 -23 
45 -106 -20 43 -104 -91 -7 -100 -75 29 -80 -97 9 -75 -62 9 -70 -109 -22 -53 -51 -58 -51 -63 
73 -36 2 -8 -35 -4 3 -51 -68 15 -74 -45 11 -63 -2 23 -77 13 -16 -61 39 6 -83 -29 
65 -118 -22 62 -106 -39 28 -91 20 -15 -77 -21 -24 -133 -154 -13 -139 -21 48 -158 3 13 -95 -64 
46 -36 -21 48 -65 59 28 -40 0 -3 -64 4 18 -73 -50 55 -74 2 32 -193 12 3 -200 133 
82 -151 -123 66 -205 -16 38 -165 0 83 -128 -1 15 -114 8 -3 -133 -13 24 -149 -43 18 -113 -104 
62 -112 -2 32 -92 -107 12 -70 -93 -28 -44 8 45 -107 18 -47 -41 -58 -6 -120 2 22 -67 -89 
-29 -78 -13 -13 -80 -73 23 -90 -34 40 -83 -70 54 -42 -19 29 -63 -25 -27 -42 -68 -31 -86 -53 
49 -66 3 75 -87 -50 -4 -81 -89 -62 -35 0 -53 -57 38 -46 -36 -6 -28 -15 -8 8 58 -64 
23 -25 108 -23 -19 79 -77 -34 5 -72 -52 74 24 -78 77 70 -55 -10 32 -99 -30 2 -135 8 
3 -114 -40 15 -110 -49 40 -169 -101 6 -117 -23 -2 -126 -31 16 -154 -47 51 -99 -119 72 -38 -28 
30 -63 -74 -21 -21 41 16 -102 11 -40 -39 -1 13 -60 68 -5 -86 53 39 -100 26 32 -113 8 
57 -124 18 71 -59 12 39 -79 33 -8 -73 76 -10 -107 60 -10 -98 6 16 -75 34 45 -36 85 
24 -76 10 -22 -153 -4 -18 -154 -20 30 -70 25 55 -19 32 77 -85 -14 -36 -126 -12 -9 -156 -2 
81 -156 12 64 -135 -21 28 -93 -8 -5 -90 19 9 -106 -2 9 -109 8 35 -132 -64 42 -117 -63 
31 -101 3 -10 -75 -133 0 -99 -48 13 -89 -25 -21 -84 -6 -30 -63 -63 12 -2 -113 91 -72 -49 
-6 -63 -83 -53 -98 -7 1 -151 30 48 -126 11 49 -83 -19 87 -85 -7 14 -111 -2 23 -156 -25 
29 -137 -26 91 -132 -2 58 -132 27 35 -28 17 47 -102 118 -37 -139 54 -62 -102 35 57 -141 -29 
91 -104 58 92 -125 -11 22 -83 -57 47 -156 0 -7 -102 -15 29 -153 -5 32 -143 -103 44 -117 -140 
56 -137 -105 47 -86 -189 52 -89 -141 23 -175 -64 -1 -141 -148 41 -130 -174 36 -137 -226 21 -100 -160 
87 -125 -194 25 -45 -183 -1 -92 -208 24 -90 -196 -52 -19 -213 -12 -48 -126 -19 -44 -117 32 35 -139 
53 22 8 -64 -42 0 -119 17 -124 -125 -10 -73 69 -35 -139 45 -72 -146 59 -219 -9 21 -66 -216 
27 -168 -51 30 -171 -82 78 -175 -143 47 -95 -82 29 -105 -90 -18 -80 -45 -28 -63 -136 -25 -118 -119 
77 -71 -122 54 -77 -125 15 -82 -9 27 -74 -90 3 -56 -45 -2 -75 -25 -12 -54 10 14 -94 31 
60 -78 -38 28 -105 -14 25 -82 10 69 -119 2 50 -83 -60 113 -141 6 41 -137 -38 -27 -109 -53 
8 -109 -27 52 -82 -68 54 -113 -44 46 -119 -78 33 -152 -109 -20 -113 -99 29 -83 -21 51 -105 -159 
22 -121 -35 -1 -91 -51 0 -85 -74 -9 -56 -75 -18 -39 -91 -10 -82 -73 21 -94 -107 48 -156 -103 
9 -88 -86 14 -61 -34 -3 -11 -64 -3 -48 -98 -44 -41 -62 1 -32 16 -43 -30 51 -10 -10 15 
81 -154 -46 77 -109 -54 102 -182 0 -27 -142 -5 8 -115 -8 80 -99 18 109 -97 -30 44 -84 0 
-41 -137 41 15 -124 9 46 -97 19 49 -93 44 73 -129 39 -6 -107 34 -7 -130 74 61 -98 23 
76 -132 11 42 -168 -45 0 -173 2 58 -139 14 87 -127 -28 50 -83 -32 21 -122 8 29 -108 -26 
0 -107 -43 59 -90 -40 18 -86 -56 67 -149 -32 -7 -115 -98 -9 -101 -45 16 -124 -47 62 -149 -62 
73 -106 -126 48 -127 -94 -2 -102 -95 65 -160 -96 72 -133 -165 35 -101 -107 3 -96 -196 -16 -54 -166 
-3 -85 -142 -8 -14 -112 20 -74 -64 -18 -82 -110 -54 -47 -114 21 -86 -39 72 -71 -79 56 -73 -118 
-1 -89 13 -38 -142 -107 38 -195 -149 26 -139 -24 121 -70 -36 113 -57 -32 43 -102 -44 -21 -107 -89 
46 -93 12 67 -75 -54 34 -66 -50 19 -98 -15 -44 -69 41 23 -145 27 -23 -73 -50 100 -111 85 
45 -104 -93 -36 -75 -5 2 -113 24 9 -73 -7 33 -79 9 60 -65 25 43 -120 23 -36 -50 0 
44 -118 1 10 -51 -60 29 -147 11 21 -151 -60 45 -131 -36 62 -118 -8 54 -56 -15 32 -103 -35 
2 -168 -116 54 -171 -90 67 -154 -85 74 -116 -74 38 -75 -139 34 -134 -47 -23 -124 -108 25 -128 -127 
45 -106 -168 23 -86 -204 41 -132 -158 55 -137 -127 19 -132 -154 16 -105 -97 7 -67 -156 44 -65 -37 
-34 -46 -77 26 -108 30 25 -94 -14 69 -112 2 70 -124 -105 76 -149 -62 95 -217 -56 56 -188 -7 
11 -149 -109 88 -137 -158 -6 -185 -26 72 -131 -6 99 -72 -86 26 -76 -89 -6 10 -4 -44 10 2 
-71 -55 -40 26 -46 -87 -36 -62 -55 51 7 0 68 -119 50 61 -59 -133 22 -126 -164 -30 -118 -21 
43 -101 -53 74 -75 -98 62 -93 -118 61 -116 -98 38 -127 -60 12 -117 -129 -12 -96 -133 35 -142 -84 
17 -95 -127 -9 -50 -135 17 -41 -70 12 -70 -131 -33 -55 -115 -36 -51 -85 23 -68 -75 -30 -26 -108 
-14 -28 -25 -10 -48 -65 -4 -23 -92 5 -82 -18 33 -142 -42 -20 -76 -82 56 -123 -2 33 -76 -53 
0 -98 -25 19 -149 30 14 -95 -12 89 -129 -5 33 -72 10 27 -102 50 9 -119 25 -15 -76 37 
59 -119 43 71 -124 -16 81 -139 15 14 -153 37 12 -111 64 22 -114 64 15 -90 72 24 -102 77 
13 -90 93 62 -125 56 60 -147 -3 101 -192 -35 128 -206 25 115 -184 13 79 -196 -47 20 -72 14 
6 -113 -3 87 -116 -58 74 -112 -95 9 -127 4 -18 -105 13 8 -112 -27 -6 -92 42 66 -119 -27 
64 -132 -16 15 -149 -37 25 -132 -48 22 -102 -17 31 -93 -19 54 -139 -48 13 -92 -57 -3 -118 -13 
15 -108 -121 63 -89 -36 69 -71 -109 74 -164 -79 4 -131 -168 -11 -128 -71 -1 -127 41 53 -51 -49 
49 -125 -19 -28 -89 -70 12 -112 20 16 -87 28 78 -106 20 63 -63 -13 48 -107 -12 44 -96 56 
3 -78 7 47 -122 46 54 -139 18 40 -86 39 10 -90 79 -19 -125 92 -60 -104 69 27 -56 53 
67 -114 12 51 -83 -35 -1 -126 -5 13 -115 37 74 -194 36 47 -153 -44 75 -112 -30 127 -134 -28 
13 -107 23 -3 -122 -5 11 -94 -82 66 -163 42 63 -123 21 82 -115 -19 7 -105 33 43 -92 0 
4 -116 -2 -28 -85 20 118 -137 28 56 -107 -81 45 -153 -48 8 -163 -5 27 -173 24 75 -122 -94 
28 -114 -5 -41 -135 -18 33 -127 -62 111 -121 -13 39 -100 -73 15 -97 -95 -38 -72 16 37 -166 55 
79 -125 -10 69 -102 -126 64 -125 -48 32 -203 -75 33 -188 -53 69 -177 -40 80 -147 -62 42 -133 -43 
39 -146 -16 33 -118 3 9 -46 -21 -11 -70 46 -2 -33 17 -21 -12 0 -59 -43 -2 11 -45 26 
51 -52 -7 25 -91 35 80 -137 90 56 -106 -29 37 -143 18 6 -130 29 56 -144 46 39 -97 -20 
65 -134 -31 60 -111 -14 38 -125 -93 62 -125 -64 -13 -94 44 4 -106 35 0 -16 -21 -3 -55 -50 
-5 -120 28 -31 -28 -19 49 -145 -15 2 -103 -35 -4 -87 -53 43 -116 -10 9 -105 -86 26 -93 -38 
-17 -124 -54 -31 -95 -31 23 -78 27 34 -84 -10 -11 -76 -20 19 -108 0 0 -142 6 25 -173 37 
88 -149 -42 46 -125 -24 104 -121 11 84 -161 -56 26 -147 -48 48 -199 6 13 -135 -25 54 -121 5 
37 -98 20 9 -84 37 -1 -125 50 22 -131 -2 75 -139 -39 40 -107 -24 35 -142 12 55 -123 -32 
18 -112 -19 11 -100 -22 48 -97 -52 25 -106 -65 6 -110 -48 -24 -102 -59 17 -93 -24 71 -55 -91 
86 -135 -23 -45 -22 -81 -6 -127 52 -5 -36 -8 7 -27 -39 -3 -71 -29 15 -118 -43 61 -86 -40 
6 -58 -41 -23 -48 11 -17 -78 14 -20 -45 4 26 -52 -28 31 -70 -7 27 -107 -39 -32 -68 -61 
15 -167 -13 29 -122 -20 126 -149 -13 127 -157 -80 55 -113 10 45 -164 -13 60 -165 -61 68 -205 -24 
86 -179 -90 82 -131 -4 96 -140 -27 77 -179 -49 -19 -151 -26 5 -155 -23 55 -153 -47 56 -112 -26 
5 -175 -42 35 -131 -93 20 -89 -43 42 -124 -82 38 -154 -106 19 -182 -98 14 -149 -56 84 -136 -91 
48 -137 -108 41 -156 -138 8 -118 -46 29 -91 -95 16 -126 -90 42 -104 -90 46 -132 -81 30 -122 -90 
11 -109 -149 12 -86 -114 15 -114 -58 18 -75 -75 92 -118 -44 0 -50 -147 -14 -57 -101 -10 -91 -114 
23 -44 -127 29 -97 -113 -6 -107 -129 -34 -60 -130 37 -74 -61 34 -62 -98 22 -62 -67 -37 -62 -52 
1 -134 -65 40 -106 -104 53 -80 31 82 -143 -77 38 -97 -23 24 -78 -4 -37 -80 -24 9 -106 36 
48 -102 26 55 -119 -1 35 -110 15 15 -122 61 73 -150 15 91 -122 3 104 -106 13 120 -187 1 
58 -129 60 75 -126 19 39 -128 -2 44 -147 13 43 -145 -3 39 -138 -37 68 -134 -47 68 -161 -42 
37 -103 -7 93 -135 -68 -4 -79 -51 48 -145 0 27 -108 -81 33 -112 -55 22 -144 -111 12 -98 -80 
34 -113 -14 21 -95 -67 -9 -53 -13 29 -52 -8 48 -85 -44 11 -52 -57 9 -59 -5 -7 -102 -35 
38 -56 -6 47 -114 14 20 -75 -1 -48 -102 -124 -1 -101 -72 67 -163 -38 27 -115 -30 57 -136 -44 
54 -118 57 66 -111 -29 25 -87 -24 33 -110 10 1 -75 25 -13 -127 12 -31 -93 54 43 -130 115 
