-25 -85 -109 -18 -61 -105 3 -27 -96 4 3 -29 -22 18 32 -15 6 9 -81 -41 9 -3 -55 -30 76 -50 -69 -82 -66 -57 -84 -77 -41 -3 -70 -89 9 -106 -57 7 -120 -126 40 -69 -148 18 -59 -127 37 -74 -8 13 -53 -40 -33 -73 -38 -30 -65 -58 28 -28 -37 2 5 65 -26 -26 25 -58 -103 -70 47 -108 -117 73 -50 -99 41 -6 -46 -48 3 14 -107 -8 16 -36 -62 -28 28 -53 -82 71 -51 -18 
-65 -47 9 -26 -68 -62 0 -78 -50 0 -67 -69 9 -32 -43 -22 7 74 -50 -45 16 -15 -68 -17 
10 -81 -77 23 -53 -32 -30 -40 -10 -26 -47 -71 11 -102 -110 0 -103 -66 48 -81 -41 22 -81 -42 
-128 -66 50 -41 -61 41 41 -49 20 97 -68 -59 32 -49 -33 -40 -61 4 -60 -40 59 41 -81 -23 
23 -75 -70 -29 -69 -42 5 -19 45 -15 -7 82 1 -44 -1 -11 -84 53 0 -110 51 6 -163 -68 
-88 -137 -100 0 -111 -96 108 -104 -99 125 -125 -110 1 -147 0 -67 -143 -89 -19 -266 -211 66 -269 -194 
75 -284 -184 56 -273 -223 72 -238 -204 48 -184 -118 13 -222 -152 -1 -210 -122 -89 -187 -158 -53 -155 -174 
128 -58 -102 61 -66 -57 -30 -65 -86 -75 -61 -92 -129 -21 -66 -96 -57 -67 55 -135 -124 118 -136 -123 
20 -111 -55 -28 -121 -33 -12 -89 -21 1 -112 112 71 -127 -67 59 -111 -61 -48 -81 -177 -20 -25 112 
-21 -33 -43 -37 -70 -15 -15 -74 -88 -23 -5 109 39 -11 39 91 -66 -89 34 -52 -47 -117 -76 -36 
-26 -19 -28 47 -48 -74 64 -48 -69 14 -5 -20 -71 -17 -12 -77 -52 -44 -44 -81 -33 46 -36 -19 
22 -139 -71 -10 -144 -131 69 -184 -151 7 -142 -111 11 -135 -101 -9 -147 -62 11 -144 -85 -31 -188 -94 
34 -131 -61 -4 -134 -38 29 -163 -81 4 -187 -34 2 -161 -53 35 -171 -103 14 -191 -92 13 -175 -65 
-32 -168 -48 38 -182 -61 28 -205 -82 14 -175 -51 5 -128 -42 -30 -150 -37 25 -144 -50 20 -121 -81 
12 -119 -89 30 -72 -48 43 -51 7 -64 -72 44 -90 -87 39 -6 -104 -19 -10 -160 -55 13 -115 -17 
33 -213 11 -60 -224 12 -35 -192 29 66 -193 -12 93 -185 -63 -26 -235 -43 -55 -243 -59 -36 -169 4 
-52 -170 3 7 -222 53 32 -185 101 163 -148 217 83 -192 122 35 -198 128 -24 -216 119 40 -203 91 
108 -187 165 35 -197 183 23 -169 162 -34 -192 87 -22 -164 96 19 -138 128 28 -60 144 -13 -78 164 
-16 -141 161 36 -231 120 96 -229 -23 47 -236 50 29 -149 -4 -64 -113 89 -30 -66 76 25 -112 68 
-56 -124 79 -56 -128 148 7 -140 79 53 -248 45 27 -159 93 13 -163 68 43 -165 81 30 -182 72 
9 -196 84 -21 -244 86 61 -165 115 108 -187 98 42 -204 110 -22 -259 72 16 -223 90 26 -269 44 
94 -241 24 13 -242 44 9 -316 -11 31 -344 -26 63 -311 23 30 -277 32 56 -246 47 12 -242 96 
15 -242 67 60 -245 35 64 -216 53 -5 -230 66 -4 -202 86 20 -211 68 7 -207 82 -8 -196 78 
14 -152 94 -91 -148 139 -3 -92 77 25 -140 16 29 -145 117 -63 -158 101 -107 -199 76 -9 -157 76 
100 -105 50 -15 -160 96 -94 -203 79 -30 -191 93 65 -169 65 60 -201 89 -70 -286 78 54 -242 61 
220 -204 -6 174 -254 17 -16 -321 25 -89 -342 10 25 -265 16 176 -245 -15 68 -278 -13 -79 -296 51 
18 -289 19 84 -304 -32 126 -291 -40 74 -315 -41 -4 -317 1 43 -324 5 37 -333 9 23 -319 4 
133 -246 14 67 -233 11 -33 -236 31 -63 -227 75 25 -204 75 104 -183 58 50 -171 54 -4 -179 20 
-53 -142 53 32 -103 83 53 -127 27 -26 -157 53 -39 -151 89 47 -119 77 121 -156 68 30 -151 93 
-118 -176 130 129 -183 65 57 -192 75 35 -192 76 8 -233 92 33 -212 25 128 -231 -20 45 -145 189 
38 -207 130 -45 -200 95 15 -240 40 -6 -254 47 27 -193 110 99 -135 146 71 -151 157 0 -218 169 
-1 -270 100 142 -206 30 145 -190 63 18 -182 109 -176 -209 177 -68 -186 159 86 -183 80 152 -236 19 
35 -165 227 -81 -269 125 56 -262 96 116 -268 29 13 -209 91 14 -128 152 -5 -120 229 17 -107 362 
-2 -226 186 80 -267 134 0 -288 92 -105 -301 73 57 -348 188 270 -174 236 88 -187 192 40 -268 228 
10 -298 150 -19 -298 175 17 -236 190 28 -197 172 2 -202 177 138 -192 176 132 -189 175 -49 -265 239 
56 -270 134 24 -258 115 67 -184 152 65 -171 240 0 -230 227 -18 -271 197 85 -261 172 30 -316 72 
47 -258 169 14 -267 183 19 -261 161 47 -235 155 51 -229 180 118 -201 139 5 -211 157 -41 -222 183 
84 -166 144 26 -216 160 36 -171 175 -17 -232 134 -38 -195 182 85 -181 176 87 -198 170 53 -244 138 
-11 -273 111 52 -219 144 143 -196 129 -16 -266 115 7 -262 150 -30 -308 131 56 -270 112 121 -276 64 
68 -253 84 -7 -210 135 -31 -253 117 8 -236 180 60 -272 100 46 -271 91 31 -253 106 -39 -274 145 
122 -227 69 90 -280 87 49 -261 83 -32 -245 86 -86 -250 136 -26 -204 135 191 -181 49 57 -190 151 
-54 -265 40 -126 -237 86 -16 -185 110 37 -161 112 15 -133 165 -22 -194 89 65 -219 134 110 -231 94 
41 -236 160 -68 -230 147 9 -327 104 135 -272 71 152 -316 72 84 -316 59 41 -304 52 -33 -287 81 
169 -225 111 140 -271 74 -64 -317 127 -93 -265 81 -14 -355 34 50 -357 6 88 -303 -2 132 -253 0 
-50 -246 74 -115 -227 69 -8 -205 42 117 -245 44 113 -244 66 54 -247 75 -53 -253 55 -17 -241 77 
73 -238 32 -7 -211 57 -34 -232 54 22 -202 52 26 -133 136 49 -169 108 24 -196 95 11 -241 53 
-3 -215 76 30 -213 62 87 -204 91 2 -243 85 111 -260 37 65 -264 52 -28 -259 96 -6 -257 105 
91 -286 26 47 -295 27 57 -314 42 10 -293 65 -11 -313 66 64 -245 73 144 -226 57 42 -280 81 
-57 -270 144 53 -329 55 103 -295 44 89 -292 93 44 -299 109 56 -323 91 48 -322 64 53 -291 89 
73 -264 80 40 -265 88 6 -253 126 31 -271 93 -17 -267 127 72 -218 121 90 -233 76 22 -218 98 
-21 -263 215 -28 -263 166 128 -269 114 74 -285 113 73 -251 97 -16 -254 124 0 -256 112 48 -231 160 
175 -245 27 -24 -296 94 -127 -314 153 29 -215 122 97 -229 85 146 -236 85 103 -274 98 -26 -334 116 
-52 -300 111 78 -211 133 164 -192 142 4 -215 154 -56 -209 179 -32 -207 160 80 -218 111 114 -205 98 
23 -213 126 -44 -212 119 29 -183 135 55 -163 146 61 -184 116 48 -137 136 -46 -173 147 -106 -143 223 
86 -172 177 122 -178 118 28 -155 135 86 -137 182 -85 -184 194 -54 -170 175 35 -121 163 137 -117 105 
-79 -98 223 13 -115 196 88 -165 104 111 -239 95 30 -278 135 -57 -301 141 10 -205 99 55 -192 115 
36 -131 216 30 -177 107 -6 -230 201 116 -147 182 107 -173 117 -77 -211 168 -40 -165 171 25 -178 182 
101 -214 153 148 -186 123 32 -229 114 -101 -329 123 -51 -319 172 72 -210 164 25 -271 114 92 -224 133 
88 -274 112 -16 -284 166 -248 -322 237 22 -213 166 250 -204 41 170 -281 69 28 -254 34 -89 -268 141 
-66 -298 131 154 -240 55 180 -275 49 31 -238 54 -107 -218 119 -95 -182 127 68 -188 123 164 -200 85 
45 -284 74 0 -280 43 -59 -272 73 106 -169 119 105 -195 91 -28 -336 36 38 -187 93 86 -181 55 
54 -156 93 -46 -260 46 -69 -145 72 70 -106 128 5 -205 127 -52 -257 65 175 -248 -27 -113 -320 69 
-21 -269 100 106 -186 109 108 -214 42 56 -280 69 22 -254 104 90 -160 103 9 -211 85 -103 -178 148 
67 -113 57 292 -54 217 -4 -132 139 -87 -183 183 17 -202 78 -74 -232 122 -43 -160 211 -19 -184 86 
95 -238 71 194 -218 36 -53 -156 123 -59 -172 140 -47 -236 92 98 -166 55 131 -156 21 -8 -203 130 
-65 -336 130 57 -317 66 206 -343 -24 150 -328 -10 75 -339 -28 -36 -268 -11 -68 -304 92 -34 -293 13 
59 -258 37 113 -221 72 66 -299 76 24 -379 89 82 -417 -1 144 -386 -14 185 -359 47 -12 -300 127 
6 -245 98 91 -277 23 47 -269 77 52 -235 85 -47 -317 64 -104 -302 80 79 -204 138 178 -225 84 
-124 -386 113 -86 -267 106 195 -227 18 188 -224 20 40 -283 15 -120 -231 89 -56 -198 104 79 -151 74 
22 -225 142 66 -220 101 174 -220 18 68 -238 65 -61 -229 160 16 -203 151 40 -238 147 110 -256 106 
89 -233 27 -28 -131 151 -109 -109 249 15 -168 192 84 -233 69 30 -259 61 51 -247 46 3 -198 53 
66 -153 159 24 -215 108 -50 -225 144 10 -262 56 132 -220 47 60 -210 82 25 -154 132 -36 -209 136 
50 -237 92 54 -289 48 62 -214 40 13 -228 91 -24 -224 88 10 -232 64 136 -191 75 66 -215 63 
-61 -241 110 2 -222 113 105 -213 84 74 -231 179 -61 -295 199 -5 -325 86 157 -244 107 121 -278 65 
-57 -271 145 -28 -290 87 83 -240 136 -84 -312 149 19 -233 145 77 -205 160 2 -253 153 105 -265 142 
-66 -371 102 101 -365 45 128 -286 107 144 -255 121 98 -328 106 -48 -333 161 31 -212 176 62 -263 92 
-141 -247 193 103 -212 148 224 -160 90 142 -189 147 -22 -190 203 -111 -218 245 16 -223 157 61 -251 167 
81 -226 149 41 -197 132 58 -250 133 76 -235 173 41 -268 156 7 -292 131 50 -296 83 15 -298 124 
90 -232 126 -2 -274 141 -27 -300 150 39 -265 133 69 -256 132 77 -258 137 3 -250 138 36 -240 148 
128 -224 134 1 -177 174 -32 -203 214 49 -210 151 17 -177 153 81 -107 133 -10 -147 229 -2 -203 203 
38 -202 170 -10 -218 179 77 -127 178 -23 -176 176 -34 -244 203 51 -220 160 86 -230 150 93 -236 145 
0 -279 177 40 -204 143 72 -211 133 100 -199 150 39 -201 202 9 -224 181 41 -249 128 38 -248 178 
63 -235 137 -59 -274 232 -4 -240 200 61 -249 100 139 -228 122 55 -252 127 30 -234 161 8 -215 151 
46 -207 114 50 -170 139 -28 -150 176 -49 -136 181 38 -128 199 51 -200 166 87 -203 164 58 -225 110 
-34 -244 131 8 -231 137 67 -181 172 59 -147 175 0 -211 182 -42 -240 170 23 -184 189 154 -215 92 
-84 -297 218 20 -216 84 210 -273 82 133 -247 98 30 -273 155 -109 -303 149 -3 -297 154 87 -203 164 
105 -233 98 16 -350 27 35 -231 133 99 -260 169 140 -242 155 -36 -294 288 -125 -266 186 58 -197 130 
26 -206 83 105 -154 106 44 -182 145 84 -202 43 -97 -211 97 -32 -216 206 52 -49 179 -18 -258 72 
-19 -248 52 98 -183 75 167 -188 29 64 -94 310 -195 -317 196 57 -206 17 -6 -395 -37 72 -189 175 
92 -150 207 17 -255 134 -43 -408 73 -29 -431 9 202 -283 90 -89 -299 224 -183 -303 143 143 -264 53 
61 -268 114 15 -259 187 45 -309 215 16 -339 95 109 -302 136 77 -211 165 66 -223 91 16 -227 163 
58 -199 137 97 -265 117 13 -227 177 1 -261 125 99 -208 72 35 -250 190 55 -270 114 -33 -340 119 
38 -264 111 112 -235 104 8 -297 205 -24 -293 230 77 -350 -116 53 -269 141 20 -289 83 31 -303 123 
95 -305 109 35 -325 96 45 -333 82 47 -320 119 68 -290 112 92 -320 121 -10 -317 106 27 -271 83 
32 -253 127 47 -285 116 41 -266 122 43 -332 130 76 -320 129 111 -340 71 94 -298 89 64 -270 51 
-34 -207 119 -25 -209 119 80 -213 101 0 -215 148 15 -214 137 79 -202 112 28 -240 114 83 -249 131 
-21 -339 86 -13 -330 26 55 -266 87 157 -227 97 132 -234 97 -3 -226 50 -43 -269 158 5 -230 157 
113 -300 64 77 -303 77 22 -317 92 46 -287 82 36 -303 120 47 -299 143 64 -259 99 57 -262 95 
9 -267 108 41 -261 106 28 -295 48 55 -226 138 55 -256 52 20 -194 111 -12 -221 115 -13 -211 104 
58 -198 141 96 -175 122 -15 -233 119 30 -283 101 5 -279 77 32 -199 168 66 -238 128 24 -248 145 
45 -243 86 66 -283 96 90 -304 124 59 -299 86 2 -341 85 37 -325 70 90 -313 95 85 -300 67 
-5 -333 76 53 -326 94 102 -283 84 63 -282 114 31 -282 87 29 -327 69 104 -293 61 65 -254 117 
-20 -259 140 -61 -255 94 34 -170 163 30 -209 116 97 -245 87 9 -236 127 66 -242 156 16 -258 79 
4 -213 189 44 -248 134 64 -250 147 127 -260 129 47 -276 157 -22 -284 142 46 -274 133 56 -280 104 
104 -294 82 57 -321 64 44 -311 58 -5 -362 118 48 -302 133 76 -307 96 39 -333 109 46 -275 77 
3 -278 170 23 -261 176 -20 -359 92 46 -279 144 98 -268 105 105 -288 83 -108 -396 60 34 -232 136 
63 -279 165 -55 -263 179 54 -267 104 131 -276 69 -207 -276 273 17 -277 135 285 -252 27 288 -244 97 
-23 -273 144 -152 -348 133 -9 -352 4 148 -325 34 113 -306 31 45 -316 48 29 -410 94 1 -273 104 
110 -233 115 83 -319 15 -39 -313 90 20 -294 124 77 -246 63 140 -255 101 75 -259 135 54 -315 53 
46 -342 6 -30 -257 86 55 -177 108 135 -192 -5 24 -250 42 -31 -246 110 28 -230 77 -30 -242 156 
33 -239 106 78 -235 120 16 -224 72 92 -130 149 40 -213 115 13 -190 153 91 -244 125 22 -248 150 
17 -240 156 69 -259 143 148 -267 118 105 -268 102 -24 -357 124 8 -293 78 38 -337 116 130 -255 101 
35 -264 144 -33 -319 144 95 -266 92 103 -257 105 -34 -242 140 -12 -230 143 9 -246 160 134 -258 86 
22 -312 99 -6 -245 128 -3 -256 151 61 -250 122 63 -223 188 31 -269 124 -6 -345 88 63 -327 63 
0 -286 167 -96 -338 93 61 -318 21 119 -223 55 35 -296 20 28 -307 -25 -34 -325 63 -25 -230 213 
122 -335 61 57 -345 4 -77 -327 166 35 -260 175 133 -315 89 71 -309 94 37 -294 128 -30 -301 132 
90 -289 118 82 -342 99 29 -367 95 37 -334 94 70 -297 130 74 -284 124 24 -310 122 70 -345 149 
84 -353 100 67 -324 96 131 -312 101 30 -315 49 -58 -384 107 59 -238 52 83 -262 72 16 -228 130 
25 -251 181 134 -222 122 -165 -327 256 -36 -322 207 167 -327 -1 146 -354 69 12 -290 123 8 -263 176 
40 -293 141 129 -293 126 124 -340 106 -13 -275 167 138 -243 113 29 -304 113 52 -269 125 -39 -289 143 
55 -233 119 3 -239 176 25 -239 169 26 -284 182 19 -280 167 95 -312 125 105 -286 118 100 -267 115 
-6 -329 110 3 -349 135 116 -284 93 151 -285 137 82 -307 124 10 -339 102 -7 -357 115 62 -305 138 
76 -312 131 62 -354 118 112 -327 99 49 -289 122 -37 -288 186 1 -268 170 90 -300 84 123 -252 93 
-33 -273 132 41 -255 182 59 -278 134 26 -270 166 27 -248 159 -3 -261 199 65 -232 138 104 -214 155 
59 -261 153 -45 -289 184 16 -286 189 106 -234 154 124 -257 103 72 -276 157 101 -246 113 -28 -321 160 
69 -312 99 57 -268 110 115 -287 127 -11 -378 132 27 -297 148 35 -353 75 60 -297 108 28 -275 123 
-2 -248 144 90 -245 121 46 -262 126 17 -265 134 -39 -263 155 93 -205 144 78 -247 100 66 -250 164 
-90 -281 188 -18 -223 152 70 -254 147 140 -282 70 20 -333 104 32 -296 128 24 -267 191 38 -287 207 
160 -312 116 106 -285 129 77 -306 40 -19 -347 75 -33 -274 92 -12 -350 25 8 -315 95 53 -154 243 
154 -220 116 81 -272 104 -38 -332 121 60 -268 192 -4 -192 230 28 -223 205 70 -263 30 13 -254 141 
38 -196 224 28 -228 178 -5 -297 144 21 -242 169 -2 -218 222 83 -181 210 213 -167 172 96 -252 158 
-80 -321 202 47 -271 187 143 -283 93 145 -280 117 15 -344 130 7 -354 140 66 -354 122 99 -359 123 
66 -362 131 87 -305 99 90 -300 149 1 -294 150 13 -332 131 54 -298 131 98 -293 128 137 -327 94 
-12 -324 139 13 -285 134 50 -276 118 65 -210 177 53 -209 196 7 -215 205 27 -225 210 36 -247 185 
20 -285 144 90 -266 136 95 -252 129 96 -263 150 -9 -346 142 26 -339 130 88 -318 118 116 -338 114 
28 -366 109 58 -263 151 93 -305 142 -8 -381 139 31 -324 135 106 -311 108 136 -270 125 149 -299 130 
-17 -325 161 -5 -305 154 -3 -271 136 163 -221 142 81 -223 139 100 -232 184 68 -226 178 -2 -309 175 
2 -270 172 99 -253 190 145 -292 87 61 -298 176 56 -246 179 27 -283 177 12 -301 208 69 -322 162 
30 -351 129 99 -288 154 142 -290 124 59 -327 142 1 -340 152 55 -325 138 84 -316 143 84 -293 144 
33 -298 181 40 -280 172 11 -350 136 25 -281 175 60 -286 147 112 -240 132 161 -242 128 31 -283 152 
-86 -283 229 -15 -226 237 184 -265 94 46 -310 121 86 -211 209 32 -258 182 -49 -331 156 63 -268 172 
94 -246 164 15 -276 189 91 -311 179 62 -348 75 -39 -308 186 0 -277 147 218 -200 139 207 -266 75 
-92 -289 209 -93 -297 239 15 -289 173 197 -328 27 128 -272 148 -36 -315 104 16 -287 187 116 -217 166 
62 -315 141 28 -334 126 120 -263 104 68 -265 142 -42 -304 202 136 -285 116 89 -329 84 18 -311 150 
-50 -300 171 116 -228 168 109 -239 124 84 -262 187 15 -333 164 -91 -337 186 89 -314 171 226 -318 32 
17 -382 104 13 -313 131 48 -275 163 75 -273 117 29 -272 199 8 -252 202 41 -236 158 4 -286 165 
53 -292 190 135 -273 176 137 -303 148 54 -293 153 -25 -293 170 -9 -227 219 52 -231 224 95 -230 194 
86 -223 203 -5 -276 262 54 -277 185 68 -312 191 64 -290 134 65 -306 115 20 -294 129 122 -209 125 
-13 -273 242 70 -237 150 52 -304 193 53 -287 154 112 -292 166 44 -310 155 70 -291 135 -9 -321 196 
57 -258 158 70 -273 141 61 -254 188 33 -266 126 15 -357 182 14 -294 206 147 -246 149 159 -296 95 
0 -255 159 -42 -278 135 7 -209 222 117 -195 197 124 -267 171 34 -304 173 -139 -330 230 105 -256 146 
196 -332 118 87 -272 84 48 -314 123 -50 -323 203 79 -298 180 118 -345 109 72 -335 91 110 -262 138 
72 -369 147 -6 -350 156 12 -321 125 122 -293 147 141 -267 113 -62 -306 199 -2 -282 170 122 -268 142 
57 -329 120 3 -335 106 -41 -338 80 110 -252 107 231 -166 227 -22 -325 219 -114 -334 174 -85 -346 226 
259 -166 181 141 -148 149 -34 -591 297 37 -284 45 17 -200 311 108 -277 258 177 -180 221 248 -270 98 
311 -398 46 -781 -546 450 183 -165 215 503 -235 23 446 -199 18 123 -301 177 -476 -339 409 -70 -358 215 
329 -243 98 376 -230 103 85 -304 180 -329 -360 282 72 -210 159 201 -209 170 19 -296 142 34 -235 215 
37 -256 170 -115 -224 331 0 -308 255 128 -312 112 150 -324 161 25 -315 156 -69 -310 216 18 -219 203 
144 -264 203 53 -270 222 20 -296 234 6 -363 174 172 -302 128 148 -311 107 12 -341 163 -61 -334 187 
65 -311 177 199 -262 110 33 -277 206 -27 -239 205 13 -257 195 4 -287 182 23 -295 167 84 -243 156 
67 -193 199 129 -174 239 136 -179 210 15 -272 139 -36 -261 148 -4 -250 176 86 -173 226 176 -191 245 
62 -286 216 -22 -293 76 42 -244 177 35 -168 269 -32 -191 248 141 -193 216 106 -315 155 163 -316 131 
38 -267 180 38 -290 118 17 -262 150 71 -150 209 120 -199 153 5 -234 231 -9 -206 209 51 -256 186 
-115 -266 257 48 -275 167 146 -268 134 180 -242 149 81 -254 174 -13 -350 193 -46 -305 154 61 -249 200 
46 -304 212 98 -313 183 38 -322 182 26 -316 214 8 -307 225 19 -273 226 97 -317 204 87 -269 150 
-7 -295 183 53 -301 272 21 -298 187 77 -340 177 36 -357 138 16 -274 315 125 -228 185 106 -353 173 
224 -233 186 62 -327 187 -85 -387 283 -27 -337 207 208 -229 153 6 -312 256 -32 -278 255 33 -262 243 
126 -254 220 30 -294 202 1 -252 189 84 -252 220 133 -178 220 -11 -300 246 -9 -295 251 15 -287 248 
140 -225 202 -37 -296 283 -11 -314 203 109 -320 168 158 -314 179 126 -297 149 -48 -324 174 25 -229 144 
128 -187 189 -172 -221 284 -3 -159 312 48 -233 224 106 -221 241 51 -215 278 -5 -287 204 9 -289 198 
122 -261 197 199 -241 184 19 -311 249 60 -232 236 77 -271 221 69 -305 172 113 -303 167 57 -301 172 
-8 -326 141 126 -221 187 128 -259 155 2 -311 196 -113 -322 188 15 -267 185 118 -237 163 97 -249 137 
109 -294 80 -84 -249 156 -140 -228 230 -7 -224 198 158 -197 139 180 -216 157 41 -235 196 -20 -189 268 
61 -254 186 83 -288 180 48 -268 170 48 -256 201 29 -243 172 24 -289 167 166 -170 131 160 -194 152 
-59 -283 210 64 -245 126 182 -271 112 13 -307 124 -106 -344 211 153 -255 131 184 -305 90 119 -358 87 
58 -182 172 -109 -458 119 -87 -189 171 161 -109 174 234 -203 93 -76 -263 142 51 -162 137 232 -239 23 
-750 -362 394 198 -208 115 546 -261 38 316 -266 148 -160 -340 163 -332 -271 189 12 -221 111 140 -164 174 
136 -185 87 -25 -215 205 -30 -278 184 -64 -299 161 71 -303 119 151 -309 67 173 -269 90 112 -231 140 
-35 -280 175 -5 -288 163 106 -303 121 121 -275 101 85 -330 127 125 -290 106 76 -361 121 52 -338 122 
-49 -392 159 79 -289 195 112 -299 86 38 -350 105 43 -363 91 23 -326 69 55 -290 62 17 -230 157 
-2 -231 142 139 -233 175 52 -294 167 -89 -262 227 -85 -317 153 21 -206 186 162 -150 214 196 -219 131 
-52 -346 120 -43 -318 189 60 -234 177 145 -322 110 148 -314 73 160 -348 112 -2 -368 139 -39 -400 106 
106 -327 150 123 -340 91 144 -321 121 91 -370 93 14 -401 125 -49 -400 92 12 -311 138 188 -241 122 
78 -365 84 -31 -361 82 -34 -280 143 -68 -240 153 -61 -280 178 176 -250 94 271 -254 23 -68 -313 142 
-69 -307 184 104 -290 183 94 -274 128 58 -318 130 -34 -322 142 114 -243 142 143 -270 101 64 -299 152 
123 -343 47 34 -349 29 37 -294 103 27 -308 171 75 -308 85 125 -350 -7 126 -377 8 123 -273 101 
-85 -288 156 -40 -317 107 92 -339 45 167 -289 53 75 -298 80 -64 -291 138 66 -281 82 155 -282 62 
92 -233 159 -106 -288 173 -21 -249 165 36 -261 169 116 -224 133 55 -240 164 -19 -196 189 96 -234 118 
90 -276 116 58 -230 134 37 -287 138 5 -296 138 50 -309 84 86 -336 69 54 -321 111 69 -279 110 
17 -314 133 5 -315 124 51 -285 84 39 -264 127 14 -277 112 86 -288 133 55 -305 108 61 -331 117 
-24 -282 150 93 -247 118 162 -263 35 10 -283 115 -55 -301 121 10 -287 118 5 -292 105 80 -225 76 
137 -215 72 -47 -285 150 -87 -266 180 58 -298 86 138 -345 68 33 -361 56 13 -352 77 143 -264 35 
-11 -361 78 84 -308 95 131 -289 66 33 -379 142 6 -428 128 57 -387 64 117 -340 92 94 -306 84 
42 -334 67 84 -292 96 34 -301 138 39 -368 57 93 -385 16 60 -343 66 74 -294 62 31 -262 128 
12 -324 79 10 -268 72 14 -274 139 7 -288 86 59 -323 103 81 -310 70 51 -318 89 -33 -345 106 
101 -293 79 122 -277 129 89 -318 138 87 -365 99 67 -372 60 104 -345 59 46 -332 108 1 -385 152 
113 -378 100 96 -347 76 36 -339 106 -27 -339 109 94 -270 82 142 -316 51 47 -291 121 21 -335 123 
100 -340 54 44 -290 39 15 -279 113 -85 -280 129 -21 -229 174 71 -280 109 66 -293 128 68 -259 157 
17 -263 157 54 -290 104 104 -302 148 38 -280 129 87 -264 146 57 -278 149 86 -279 140 112 -310 101 
77 -291 171 63 -297 159 71 -385 128 136 -374 25 133 -385 46 51 -343 51 36 -342 86 65 -267 162 
77 -319 122 -20 -342 129 -18 -352 120 88 -365 21 116 -313 41 130 -199 96 196 -166 155 -38 -296 165 
-47 -299 147 -22 -328 159 64 -238 174 88 -243 105 90 -163 119 134 -233 164 36 -219 173 -2 -327 137 
27 -356 75 35 -318 154 85 -261 140 56 -377 146 129 -372 57 13 -395 113 15 -356 127 78 -331 47 
87 -286 68 82 -273 129 62 -260 159 72 -283 125 -39 -332 120 -108 -359 112 8 -275 111 145 -189 115 
198 -190 120 76 -228 217 -84 -259 132 -302 -281 262 11 -244 180 320 -159 28 -71 -224 194 155 -106 194 
-118 -328 204 -119 -282 216 -43 -301 147 97 -246 150 120 -277 107 43 -323 110 108 -280 128 13 -303 146 
90 -255 147 128 -294 80 -19 -356 167 1 -292 170 112 -253 105 137 -295 73 14 -326 132 -57 -310 147 61 -289 126 156 -278 71 27 -344 92 -42 -294 173 -13 -262 159 12 -322 76 138 -285 88 129 -292 49 -107 -285 149 55 -246 102 168 -299 70 9 -302 191 21 -290 126 60 -317 82 90 -240 131 -31 -287 201 
99 -258 77 95 -244 87 38 -206 175 26 -261 190 18 -232 188 -4 -303 130 12 -290 183 51 -236 208 
138 -300 110 15 -334 146 10 -303 208 48 -299 173 132 -300 136 119 -333 104 32 -360 140 63 -261 171 
91 -304 175 156 -289 126 30 -366 139 -17 -324 168 75 -317 153 108 -287 126 84 -274 139 43 -311 138 
18 -291 135 -35 -260 152 59 -224 133 54 -262 120 56 -245 120 -2 -257 142 6 -236 173 44 -204 202 
3 -268 185 59 -277 186 106 -269 149 114 -314 146 54 -342 140 37 -324 189 24 -354 167 75 -275 176 
131 -314 156 71 -314 127 82 -284 189 41 -288 182 -33 -312 197 63 -304 226 86 -279 202 98 -308 197 -20 -329 173 -3 -281 218 107 -216 215 27 -292 190 11 -295 181 76 -269 179 128 -242 195 89 -261 183 -20 -325 186 78 -291 174 68 -295 171 121 -224 153 30 -265 195 7 -280 177 57 -285 217 59 -197 217 
66 -322 161 59 -310 170 111 -271 148 19 -323 174 39 -320 180 67 -365 146 130 -315 125 89 -351 138 
10 -383 136 37 -355 168 132 -295 162 50 -332 196 5 -339 182 -1 -312 193 93 -249 192 72 -294 168 
34 -265 180 92 -219 198 58 -230 185 73 -252 184 15 -247 194 -11 -257 202 40 -243 218 24 -251 230 
51 -321 184 75 -272 209 81 -271 179 2 -334 190 75 -258 213 77 -307 170 71 -295 150 109 -295 183 
14 -358 155 -48 -363 198 84 -251 234 168 -297 138 111 -314 169 52 -320 177 22 -327 191 -17 -320 201 
53 -287 173 117 -276 161 72 -299 169 80 -271 164 13 -267 181 -57 -304 195 37 -296 193 127 -301 169 
64 -218 191 -59 -259 213 66 -222 204 89 -265 199 38 -264 231 26 -279 205 19 -300 217 160 -237 111 
16 -321 174 0 -325 184 107 -300 184 82 -331 188 60 -361 139 7 -340 155 195 -233 137 99 -298 126 
-25 -352 191 89 -300 183 40 -303 164 23 -306 206 129 -258 161 82 -304 170 14 -282 212 61 -258 211 
37 -299 127 7 -207 231 138 -153 174 -9 -207 244 48 -242 233 91 -196 230 -3 -306 243 67 -243 218 
47 -293 145 65 -299 175 9 -360 157 174 -230 159 136 -318 142 -16 -373 194 85 -325 177 120 -337 141 
-11 -387 194 155 -282 137 126 -311 161 70 -338 192 22 -337 202 23 -368 185 59 -367 159 50 -371 177 
125 -314 143 9 -363 125 60 -238 122 109 -183 152 -8 -255 189 -7 -246 220 -72 -288 242 89 -238 255 
68 -364 139 142 -329 208 77 -371 152 65 -269 216 80 -302 200 39 -352 188 140 -278 137 117 -276 156 
1 -301 202 -28 -368 234 207 -216 192 213 -322 148 94 -388 131 -23 -413 158 -58 -380 152 84 -283 172 
152 -264 168 99 -289 175 -5 -305 194 6 -296 165 33 -271 180 46 -254 180 30 -236 178 62 -252 166 
121 -218 197 -104 -252 282 -68 -234 271 95 -263 171 149 -159 240 46 -198 208 -56 -285 210 53 -232 184 
127 -219 178 18 -256 226 -39 -320 186 79 -248 181 121 -275 179 68 -324 172 56 -374 114 88 -340 98 
37 -328 151 34 -366 69 140 -303 109 132 -262 146 -27 -337 194 -55 -388 187 76 -336 97 176 -268 173 
40 -270 141 -21 -291 108 30 -248 200 24 -265 249 149 -278 165 141 -331 116 33 -354 160 5 -276 251 
108 -333 155 99 -233 225 22 -337 142 88 -309 124 102 -330 146 77 -342 167 41 -401 138 57 -406 144 
163 -322 110 -77 -410 176 66 -294 190 89 -324 144 89 -307 156 79 -261 196 3 -357 186 48 -286 170 
65 -325 165 71 -309 176 -74 -344 157 97 -229 200 89 -285 123 -66 -319 154 94 -195 247 28 -294 177 
-58 -274 254 23 -249 223 122 -267 190 91 -260 183 122 -259 214 19 -340 186 69 -306 151 83 -361 136 
127 -342 108 10 -390 149 98 -345 122 104 -352 104 96 -357 158 74 -392 132 1 -420 142 43 -334 205 
146 -324 152 35 -344 178 44 -328 168 69 -340 142 51 -287 176 87 -260 194 -37 -271 182 82 -194 161 
80 -159 199 20 -224 188 -54 -233 222 -7 -275 194 120 -195 208 2 -259 223 64 -255 222 75 -274 177 
3 -266 221 94 -238 196 29 -350 170 104 -341 178 120 -289 147 38 -383 140 26 -379 139 25 -330 165 
75 -400 121 -24 -403 198 22 -366 134 162 -351 90 78 -311 150 41 -326 152 71 -322 185 35 -399 139 
198 -313 118 102 -285 169 30 -302 117 -81 -283 261 -28 -274 146 111 -238 157 -15 -256 99 121 -242 140 
49 -236 188 19 -229 232 21 -299 164 23 -373 191 124 -254 159 159 -267 134 15 -337 176 37 -328 177 
152 -355 106 27 -385 135 132 -317 159 237 -243 123 117 -367 92 -145 -531 29 4 -393 41 129 -345 48 
210 -217 214 -22 -259 230 -163 -287 184 33 -344 114 105 -319 125 63 -327 139 58 -311 145 68 -299 67 
116 -251 148 69 -263 204 18 -281 201 4 -260 284 9 -188 315 171 -340 184 57 -309 171 187 -358 75 
21 -350 203 63 -263 157 -9 -278 203 28 -265 165 -1 -314 164 145 -256 170 176 -245 160 -24 -322 200 
46 -443 79 170 -267 98 220 -194 123 33 -353 162 4 -311 197 75 -313 159 52 -305 173 -22 -219 270 
65 -272 153 154 -233 168 131 -263 176 -40 -317 212 -139 -378 201 94 -294 170 64 -376 115 1 -370 132 
216 -309 90 42 -361 141 -28 -347 134 141 -308 106 39 -345 144 33 -321 151 26 -345 153 125 -343 117 
69 -353 103 17 -337 119 14 -310 151 79 -322 90 172 -291 77 95 -315 75 -29 -347 104 10 -264 206 
64 -316 118 16 -310 157 107 -265 166 111 -300 83 -35 -332 158 38 -282 137 114 -332 93 16 -334 134 
62 -366 74 34 -338 105 84 -344 79 49 -311 116 88 -292 132 74 -365 73 106 -320 129 51 -302 189 
-41 -386 129 110 -267 102 105 -256 126 3 -294 131 -26 -303 129 81 -286 74 69 -279 138 81 -241 154 
-57 -349 106 102 -263 150 35 -264 136 110 -294 145 35 -338 103 -22 -325 151 89 -280 178 88 -251 183 
83 -385 99 113 -382 94 76 -356 111 98 -337 132 65 -366 135 157 -349 166 37 -386 116 10 -403 200 
103 -339 147 81 -396 123 150 -345 109 123 -344 103 0 -366 110 48 -248 159 29 -271 161 41 -228 139 
-35 -211 206 72 -186 195 -29 -199 264 159 -180 207 117 -299 77 -61 -315 228 -32 -257 125 84 -226 168 
83 -230 175 52 -281 114 -37 -312 215 2 -353 173 106 -359 211 81 -352 171 222 -341 96 167 -370 65 
-49 -375 164 28 -386 193 95 -345 139 240 -294 148 153 -322 128 82 -380 156 -38 -362 189 -43 -350 184 
109 -293 155 125 -261 137 85 -279 151 58 -277 158 17 -265 197 -4 -270 229 -24 -257 226 90 -246 203 
45 -281 188 129 -239 177 80 -266 195 -11 -345 178 16 -323 207 72 -290 191 158 -289 135 66 -368 195 
162 -350 143 168 -376 106 -11 -443 182 97 -352 173 130 -349 138 135 -351 185 106 -405 176 33 -453 167 
77 -364 198 88 -356 191 129 -338 147 104 -327 143 110 -305 143 -24 -301 193 -16 -267 205 99 -231 160 
79 -224 199 19 -287 193 -62 -321 195 56 -280 167 107 -240 189 126 -270 158 36 -329 162 14 -379 134 
51 -321 159 -8 -368 200 77 -313 168 236 -306 88 99 -392 133 22 -399 156 18 -412 155 172 -355 78 
75 -373 112 57 -361 126 20 -414 163 34 -343 185 64 -331 174 127 -282 160 95 -290 165 29 -294 197 
33 -318 175 26 -277 228 142 -227 154 94 -218 192 25 -205 241 59 -247 161 -47 -263 220 61 -249 210 
42 -289 181 119 -297 171 63 -313 179 38 -317 200 79 -332 158 24 -364 172 111 -311 147 77 -327 160 
55 -342 197 74 -364 164 117 -389 71 74 -395 130 65 -366 131 76 -336 165 110 -364 104 59 -388 139 
79 -328 157 14 -409 154 43 -369 159 147 -337 169 142 -379 89 10 -337 128 66 -274 192 87 -285 169 
1 -245 238 12 -261 168 -1 -272 178 -66 -213 268 62 -215 226 128 -208 155 117 -197 161 27 -228 218 
-115 -307 297 12 -261 283 216 -248 175 105 -352 210 39 -370 172 -4 -372 205 113 -328 183 104 -302 208 
80 -348 189 -28 -390 218 -19 -367 223 52 -398 172 154 -349 154 171 -340 115 104 -324 173 53 -328 165 
14 -337 192 149 -272 195 89 -279 130 46 -250 163 4 -181 219 -50 -254 135 -58 -249 214 46 -224 133 
30 -209 189 61 -211 244 -14 -253 206 32 -275 257 117 -262 203 116 -247 223 101 -296 221 25 -324 197 
119 -324 144 148 -318 143 91 -315 153 17 -358 193 58 -325 145 145 -291 160 90 -395 102 13 -408 155 
56 -309 154 173 -259 151 116 -272 144 1 -316 173 -23 -299 141 15 -269 199 -31 -255 229 80 -243 148 
171 -198 151 16 -200 190 -3 -201 208 -35 -199 210 -53 -180 219 89 -136 185 64 -188 185 42 -193 222 
71 -235 172 19 -281 223 24 -305 231 -22 -338 181 33 -347 194 182 -215 143 133 -294 131 67 -303 137 
48 -296 188 88 -331 191 130 -319 177 43 -328 249 67 -367 209 72 -320 228 102 -347 162 120 -400 152 
-11 -349 235 103 -207 221 107 -289 181 97 -298 220 39 -295 203 13 -286 233 72 -252 226 -16 -244 245 
28 -220 175 93 -217 159 56 -164 261 54 -192 243 -14 -181 295 47 -243 253 83 -255 265 -18 -294 293 
77 -257 253 245 -294 169 86 -301 238 10 -309 235 73 -281 192 90 -297 196 70 -298 213 3 -325 226 
96 -237 265 110 -290 232 70 -299 255 55 -325 245 33 -346 227 50 -331 216 62 -294 193 91 -263 208 
46 -244 231 38 -285 256 7 -264 263 45 -258 229 81 -223 230 125 -178 219 101 -197 238 -85 -257 254 
27 -210 305 64 -240 278 101 -244 247 76 -200 247 77 -214 254 28 -235 286 13 -286 308 104 -276 224 
91 -312 242 32 -316 239 124 -297 206 131 -324 187 69 -332 237 79 -316 244 85 -384 170 66 -384 206 
101 -299 213 8 -287 268 71 -300 234 74 -311 233 123 -268 203 84 -301 193 -55 -299 249 105 -226 253 
125 -218 230 77 -204 224 -56 -218 234 -19 -186 248 67 -194 198 46 -177 250 15 -198 230 30 -238 185 
41 -202 270 94 -267 217 -2 -297 196 58 -275 194 124 -236 199 43 -304 210 17 -294 261 46 -355 210 
155 -336 149 88 -336 127 60 -293 164 -36 -373 161 61 -303 184 114 -296 193 118 -311 188 32 -336 243 
128 -303 172 127 -310 174 31 -314 238 -18 -295 162 31 -276 128 80 -218 158 96 -166 182 -10 -199 221 
51 -223 236 105 -200 239 -2 -251 245 1 -247 247 59 -265 195 139 -233 187 35 -275 229 -35 -302 197 
97 -290 162 16 -284 243 118 -280 180 112 -348 155 11 -397 189 46 -348 176 126 -304 190 112 -329 193 
10 -374 202 63 -367 212 137 -332 177 88 -345 210 50 -345 214 70 -354 156 94 -313 169 105 -276 176 
35 -254 218 25 -260 192 61 -245 192 31 -258 258 88 -268 220 35 -301 250 67 -304 198 109 -262 199 
9 -262 215 30 -264 200 31 -233 234 102 -220 197 54 -253 194 22 -240 238 80 -263 237 44 -316 206 
79 -320 177 102 -345 164 15 -363 216 63 -316 246 91 -381 171 79 -428 175 101 -352 240 118 -339 226 
104 -357 203 93 -302 228 123 -322 225 -35 -352 238 66 -300 230 146 -313 160 44 -295 220 1 -278 245 
36 -276 213 16 -295 243 39 -265 263 42 -281 256 77 -245 248 81 -283 228 33 -286 240 42 -313 255 
135 -286 233 166 -288 199 -33 -398 272 4 -393 233 147 -369 160 82 -398 217 103 -376 201 102 -383 216 
125 -306 235 33 -362 251 5 -371 238 59 -346 237 88 -297 238 113 -305 193 73 -293 218 83 -307 199 
21 -257 236 -53 -241 268 -11 -229 289 66 -257 195 50 -256 202 120 -214 218 28 -262 245 -10 -299 265 
137 -296 187 129 -296 185 90 -292 174 62 -320 178 49 -291 182 120 -275 179 105 -267 215 65 -321 205 
47 -345 199 56 -329 213 129 -276 190 167 -297 138 75 -342 202 11 -397 172 67 -373 158 146 -331 157 
50 -351 160 -24 -366 168 82 -302 146 131 -281 145 51 -264 206 7 -289 197 59 -299 159 70 -304 159 
65 -226 198 70 -249 159 0 -249 202 -1 -233 210 39 -210 267 75 -204 228 123 -257 215 72 -305 192 
50 -276 240 126 -284 182 40 -309 228 55 -328 194 110 -324 182 130 -283 197 111 -349 207 132 -363 132 
57 -348 198 48 -329 212 52 -304 209 81 -288 206 195 -232 192 119 -287 208 -124 -316 286 26 -256 219 
212 -275 153 0 -376 214 -78 -335 235 45 -220 212 136 -224 156 34 -230 189 0 -214 186 131 -190 146 
2 -221 217 -52 -191 260 0 -208 241 52 -222 188 81 -220 196 44 -248 193 29 -239 219 -11 -273 201 
144 -301 140 70 -344 126 58 -315 151 66 -326 171 105 -286 155 183 -267 172 -14 -354 239 -57 -344 260 
39 -351 213 171 -245 207 65 -369 157 -27 -329 185 220 -171 261 111 -248 163 -76 -316 212 -41 -173 241 
189 -209 170 -116 -269 264 44 -213 250 116 -261 158 -175 -256 307 20 -100 327 118 -233 192 128 -250 194 
46 -250 259 -13 -322 196 28 -325 205 202 -275 151 107 -328 157 46 -329 177 9 -372 168 159 -329 99 
30 -330 213 70 -334 187 86 -344 168 53 -340 195 81 -330 153 9 -368 170 96 -296 198 103 -282 145 
30 -287 147 18 -341 161 0 -262 149 67 -256 171 90 -255 139 49 -239 170 5 -276 146 0 -248 200 
35 -230 198 30 -260 137 61 -236 246 80 -298 193 24 -335 198 90 -306 183 98 -352 108 104 -309 155 
54 -324 202 128 -314 155 63 -377 139 146 -297 162 108 -340 192 -40 -440 243 14 -363 206 135 -350 136 
93 -287 181 95 -289 180 58 -276 200 33 -274 205 55 -235 211 -28 -286 220 -56 -270 239 143 -249 121 
37 -248 225 -12 -248 196 -85 -278 199 49 -252 220 88 -242 194 99 -236 231 93 -276 183 52 -286 214 
-91 -364 276 36 -416 190 237 -331 138 175 -393 160 141 -388 143 78 -429 156 117 -370 165 52 -387 214 
16 -412 205 103 -379 179 188 -352 141 82 -367 188 47 -327 237 74 -328 192 119 -353 110 102 -309 189 
-20 -347 225 7 -292 193 195 -233 124 191 -232 156 25 -231 225 -66 -269 259 -6 -266 228 97 -276 221 
66 -272 212 58 -270 195 40 -313 211 35 -300 246 21 -378 218 103 -331 178 97 -357 185 165 -324 169 
50 -324 204 35 -401 183 29 -391 163 135 -285 167 155 -324 151 -16 -370 236 -18 -352 195 77 -355 169 
132 -334 161 47 -417 162 89 -390 158 116 -374 145 114 -354 142 85 -332 137 26 -301 150 21 -267 178 
34 -276 152 89 -255 168 61 -279 198 -10 -305 209 73 -293 186 47 -311 176 96 -286 175 49 -342 159 
79 -352 145 138 -305 177 91 -340 194 61 -390 178 64 -399 163 137 -359 106 151 -360 112 95 -390 131 
67 -367 149 113 -373 163 131 -356 146 58 -405 186 42 -411 177 58 -399 171 109 -341 168 166 -324 143 
15 -369 179 54 -326 143 29 -339 147 42 -297 173 83 -308 155 91 -278 159 108 -272 138 15 -295 177 
25 -290 180 14 -279 211 82 -282 163 57 -295 157 147 -267 186 107 -337 125 5 -362 172 3 -343 167 
73 -330 150 141 -301 134 86 -342 158 31 -366 146 51 -369 111 81 -386 141 103 -305 177 77 -334 161 
33 -390 166 134 -355 125 98 -377 158 84 -348 228 29 -365 200 104 -342 211 123 -347 158 114 -345 180 
41 -366 167 96 -349 147 127 -339 88 41 -376 86 -5 -349 151 -12 -362 185 70 -344 132 134 -327 117 
