-3 -1 51 -1 0 53 -2 -4 54 -5 -1 58 -4 1 54 -5 6 61 -4 5 67 -4 8 55 
-12 5 61 3 2 63 -11 0 58 -24 -12 59 7 -3 63 6 -7 74 0 -8 45 -1 -16 53 
-5 -23 60 -13 -28 53 -3 -24 56 0 -22 60 5 -16 49 0 -12 41 -13 -15 59 0 -13 49 
12 -2 41 12 0 31 -35 8 71 -9 1 47 -13 -9 74 -14 -46 74 0 -63 66 30 -72 16 
89 -36 -2 84 7 81 118 0 -59 22 -77 -188 -64 42 -121 -54 60 -75 -54 122 -189 -63 110 -237 
-48 75 -233 -98 135 -225 -95 149 -239 -83 94 -269 -70 -4 -302 -36 36 -320 -4 -8 -318 40 -34 -348 
-51 -44 -397 -86 76 -328 -79 252 -263 53 120 -388 -2 148 -346 -40 166 -394 -11 130 -428 6 59 -411 
10 7 -328 -4 24 -280 -30 57 -206 36 -4 -145 79 -8 -242 149 -22 -314 45 -59 -254 -6 -123 -218 
-34 -119 -86 36 -150 -175 77 -201 -175 116 -94 -214 -21 -107 -196 -87 -105 -147 -28 9 -108 -49 2 -105 
-12 -7 -191 -51 -45 -200 0 -84 -160 -32 -100 -206 18 -109 -243 -25 -118 -277 22 -124 -275 22 -106 -283 
6 -160 -299 -76 -105 -313 -4 -157 -362 48 -95 -306 -23 -87 -274 -46 -84 -332 -6 -70 -274 -22 -57 -299 
-7 -84 -310 -13 18 -308 -14 -34 -316 -32 -21 -338 -63 -31 -365 -54 0 -332 -23 -108 -335 8 -30 -394 
-32 -63 -402 -85 -72 -381 -19 -67 -392 24 -111 -413 37 -136 -488 62 -204 -439 -25 -149 -298 -33 -185 -327 
4 -44 -304 0 -65 -310 -29 -133 -353 37 -124 -323 3 -178 -345 -3 -200 -347 -60 -173 -374 5 -132 -328 
55 -110 -342 8 -118 -283 -29 -106 -333 -44 -147 -317 -25 -159 -339 15 -143 -292 10 -162 -354 -8 -180 -312 
-22 -167 -320 -5 -120 -326 11 -133 -278 33 -42 -286 -17 -124 -311 -34 -73 -288 -30 -87 -319 -31 -86 -315 
28 -117 -292 -22 -78 -288 31 -59 -320 -11 -103 -311 -33 -92 -284 -62 -109 -284 -56 -31 -282 -35 -66 -258 
-8 -60 -284 2 -68 -281 -40 -76 -274 -58 -94 -270 -23 -109 -311 -24 -107 -310 55 -93 -250 -16 -164 -347 
-60 -126 -232 -25 -129 -339 3 -139 -317 44 -117 -298 -5 -197 -355 16 -155 -312 -41 -183 -280 -39 -152 -303 
5 -167 -255 2 -131 -247 -47 -93 -250 -29 -104 -218 -14 -139 -226 15 -47 -198 -21 -145 -295 -14 -110 -257 
-66 -80 -280 -77 -168 -303 0 -177 -395 89 -128 -243 44 -224 -319 -63 -107 -341 -20 -76 -298 63 -95 -284 
-93 10 -265 -81 -17 -283 -62 -25 -325 -73 -59 -311 -44 -9 -351 10 -72 -320 6 -94 -363 -6 -52 -305 
-136 -48 -315 -119 -50 -335 -11 -96 -389 -4 -104 -383 25 -56 -366 22 -131 -354 -8 -157 -423 10 -119 -338 
-54 -207 -402 -27 -144 -341 -84 -105 -305 -32 -184 -366 28 -143 -338 -42 -189 -365 -27 -166 -364 19 -94 -264 
-37 -154 -295 -74 -117 -239 -11 -151 -289 -30 -176 -336 8 -163 -324 28 -170 -328 -20 -181 -351 45 -102 -265 
8 -129 -307 -35 -161 -328 31 -133 -342 -34 -172 -340 -56 -175 -318 34 -159 -286 -5 -153 -263 4 -132 -271 
-43 -152 -261 -19 -156 -267 20 -167 -223 2 -176 -250 0 -165 -276 -38 -109 -196 -32 -128 -212 -26 -70 -267 
72 -94 -228 -19 -81 -328 4 -75 -302 13 -127 -341 -12 -148 -356 -96 -177 -390 -55 -123 -384 -13 -111 -228 
-8 -96 -254 -41 -73 -320 -37 -94 -284 37 -133 -254 -11 -45 -253 -58 -98 -237 -69 -42 -244 -22 -84 -243 
26 -136 -317 -49 -76 -311 -78 -62 -277 -39 -93 -336 15 -112 -359 -11 -5 -295 -75 -32 -295 -61 -70 -300 
-67 -132 -278 -36 -76 -317 23 -60 -262 -17 -124 -330 36 -85 -234 -115 -26 -164 -78 -86 -259 2 -30 -196 
2 6 -174 -13 0 -210 -137 7 -218 -78 -108 -294 -54 -135 -316 81 -40 -276 -37 -193 -371 -137 -190 -403 
7 -138 -313 -28 -142 -392 31 -130 -293 -35 -123 -229 -108 -53 -301 -97 -81 -253 -37 -122 -282 50 -130 -294 
-22 -151 -227 -47 -99 -283 -48 -153 -276 -24 -156 -353 47 -117 -298 -41 -115 -211 -25 -49 -225 -1 -42 -180 
-11 17 -237 -100 -51 -246 -29 -9 -207 -62 -46 -266 -70 -35 -239 -61 -52 -215 -36 -77 -291 -43 13 -194 
-4 22 -204 -99 -46 -311 -94 -87 -311 -30 -110 -281 -38 -139 -353 -30 -121 -320 -58 -155 -287 -22 -85 -285 
-56 -132 -334 -30 -85 -308 -2 -101 -333 -70 -93 -300 -48 -82 -299 -74 -146 -257 -73 -123 -234 -21 -152 -244 
4 -83 -239 -64 -55 -226 -56 -6 -195 -39 -69 -225 8 -67 -250 -120 -100 -283 -69 -85 -263 -55 -65 -264 
-49 -34 -240 -55 -71 -275 20 -78 -268 -82 -24 -265 -114 -37 -256 -83 -61 -318 -35 -88 -262 2 -75 -299 
-85 58 -254 -52 -56 -263 -86 -40 -313 -86 -49 -300 -57 -170 -332 26 -51 -251 -45 -150 -227 -93 -119 -269 
-33 -119 -247 22 -102 -238 -32 -109 -251 -14 -124 -333 -95 -131 -220 -83 -143 -311 -14 -146 -239 16 -123 -244 
-60 -98 -246 -77 -142 -264 -35 -83 -222 -3 -97 -221 -51 -122 -231 -70 -115 -214 -47 -94 -187 -44 -125 -195 
-40 -136 -223 -3 -119 -251 -8 -100 -232 -13 -142 -228 -44 -92 -232 -8 -126 -204 -13 -90 -214 -25 -101 -169 
-38 -56 -200 -32 -115 -238 23 -50 -198 -41 -68 -202 -53 -33 -211 -21 -37 -201 -75 -23 -144 -57 -26 -176 
-30 -81 -190 -64 -87 -207 -19 -42 -167 -37 -93 -128 -42 -54 -134 -64 -74 -163 12 -101 -135 17 -108 -134 
-5 -94 -132 -23 -99 -157 -38 -53 -164 -41 -41 -157 -39 -119 -183 -40 -97 -221 -39 -72 -175 1 -125 -199 
-15 -122 -144 -41 -126 -192 -18 -87 -170 -45 -90 -180 -14 -83 -172 -20 -82 -162 -16 -69 -108 -41 -53 -141 
-38 -106 -158 -8 -94 -170 16 -104 -156 -43 -124 -159 -76 -103 -165 -71 -107 -181 10 -93 -158 -17 -85 -197 
-71 -103 -168 -15 -100 -182 3 -94 -173 -18 -82 -193 -76 -102 -196 -40 -61 -184 26 -109 -164 -20 -52 -170 
-5 -50 -205 -20 -27 -161 -18 -78 -165 -73 -33 -168 -111 -50 -174 -56 -34 -252 -33 -95 -242 15 -71 -204 
-29 -66 -202 -56 -111 -231 -34 -97 -213 1 -29 -207 1 -69 -176 -19 -19 -191 -69 -102 -253 -123 -49 -245 
5 -72 -292 29 -129 -221 2 -89 -221 -96 -125 -253 -37 -131 -216 -5 -121 -215 -28 -92 -233 -37 -111 -232 
-67 -131 -204 -46 -121 -252 1 -139 -161 -41 -124 -223 -27 -86 -164 -7 -92 -205 -64 -125 -192 -65 -67 -143 
-13 -116 -151 -67 -120 -209 -30 -117 -187 -5 -164 -216 -2 -156 -208 -56 -167 -237 -76 -124 -243 -23 -168 -188 
25 -145 -216 17 -158 -250 -30 -98 -219 -68 -126 -195 -44 -138 -189 -29 -106 -221 -30 -167 -254 -4 -102 -261 
-35 -123 -251 -16 -133 -224 18 -115 -194 -4 -129 -257 -37 -97 -181 -90 -129 -192 -43 -107 -213 -3 -51 -198 
-42 -182 -258 -92 -72 -219 30 -127 -133 -18 -171 -188 -44 -144 -214 -26 -149 -167 9 -134 -193 22 -112 -197 
-57 -115 -193 -27 -142 -208 -14 -83 -182 -4 -162 -214 -17 -137 -257 -19 -139 -204 -63 -137 -239 0 -153 -248 
-35 -172 -180 -87 -183 -205 -51 -141 -150 -21 -126 -219 4 -122 -165 27 -145 -242 -24 -141 -200 -74 -203 -228 
-64 -142 -195 45 -147 -229 33 -154 -222 22 -170 -252 -43 -175 -204 -79 -155 -164 -1 -126 -171 -33 -89 -179 
0 -36 -208 -44 -66 -227 -100 -97 -236 -20 -62 -234 10 -79 -248 -71 -117 -251 -77 -90 -215 -29 -77 -300 
-5 -129 -258 -19 -141 -207 -41 -147 -219 -43 -142 -186 -14 -122 -218 -44 -129 -193 -54 -144 -241 -53 -112 -193 
46 -146 -247 -36 -131 -231 -49 -118 -242 -44 -164 -192 -56 -75 -217 1 -80 -135 -43 -73 -237 18 -43 -232 
-75 -163 -301 -36 -133 -254 -12 -132 -241 -34 -161 -264 -59 -146 -235 -12 -187 -231 -24 -184 -215 -49 -171 -218 
1 -190 -248 0 -190 -210 -7 -142 -146 -38 -180 -201 -91 -190 -217 -34 -122 -271 10 -158 -215 4 -140 -213 
-71 -199 -203 -54 -163 -208 4 -169 -234 21 -122 -202 6 -155 -196 28 -128 -196 -70 -135 -185 -38 -119 -192 
-44 -77 -189 0 -75 -194 4 -100 -216 -32 -70 -197 -102 -58 -205 -57 -89 -191 -58 -101 -246 -28 -71 -190 
-64 -65 -179 -61 -73 -193 -43 -55 -197 -38 -75 -191 -57 -103 -199 -68 -117 -260 -23 -61 -214 -59 -110 -230 
-40 -155 -194 -54 -149 -271 -6 -122 -254 13 -124 -226 17 -197 -298 -48 -181 -243 -73 -157 -234 -2 -176 -278 
45 -191 -287 -86 -244 -248 -42 -205 -253 -42 -188 -159 2 -199 -221 0 -207 -229 7 -174 -183 -25 -198 -190 
-68 -193 -109 -6 -160 -167 10 -172 -132 -5 -169 -197 -20 -159 -190 -35 -183 -175 -25 -190 -158 2 -154 -186 
-30 -183 -188 -16 -109 -195 -32 -91 -177 -29 -121 -211 -26 -69 -168 -13 -130 -201 -41 -94 -209 -72 -116 -174 
7 -98 -199 -15 -108 -223 -54 -79 -233 -54 -128 -270 -10 -127 -214 34 -108 -219 -28 -120 -229 -66 -150 -211 
9 -159 -146 -63 -143 -211 -29 -38 -167 -33 -42 -154 -53 -78 -181 -48 -34 -195 -31 -84 -217 -56 -66 -250 
-35 -117 -317 -35 -153 -209 -1 -139 -252 -18 -172 -262 -38 -60 -207 -33 -184 -305 -95 -118 -283 -38 -146 -313 
7 -211 -442 -24 -250 -345 46 -304 -378 -11 -314 -243 5 -268 -272 -18 -297 -260 27 -260 -237 -17 -219 -250 
-2 -231 -216 -2 -211 -263 2 -183 -213 -2 -122 -218 -14 -134 -228 -58 -174 -222 -60 16 -208 -32 -177 -317 
-22 -222 -168 73 -163 -297 62 -174 -223 -32 -219 -253 -50 -154 -267 -76 -186 -224 21 -150 -262 27 -201 -284 
3 -140 -217 -65 -198 -237 -37 -150 -269 12 -159 -281 10 -153 -210 0 -98 -246 -45 -108 -193 -13 -139 -232 
-48 -113 -229 15 -96 -225 -62 -30 -178 -80 -41 -170 -41 -101 -214 7 -72 -170 -45 -95 -156 -68 -134 -195 
-54 -97 -172 6 -116 -218 -10 -79 -177 -9 -67 -173 -78 -65 -196 -46 -128 -201 -17 -78 -198 -6 -128 -220 
-12 -137 -172 -8 -167 -179 -20 -133 -214 -29 -115 -193 -2 -110 -185 -18 -127 -218 -18 -119 -214 -29 -85 -168 
-37 -96 -201 -40 -126 -227 -35 -138 -187 -21 -126 -217 -12 -140 -203 -11 -133 -178 -25 -121 -174 -37 -177 -173 
-40 -106 -154 4 -152 -226 -15 -154 -185 -5 -149 -212 -97 -167 -193 -40 -167 -211 31 -175 -202 28 -161 -178 
-43 -143 -189 -10 -165 -185 22 -173 -224 -5 -149 -207 -41 -132 -202 -42 -114 -170 -43 -152 -216 -12 -133 -272 
26 -184 -234 3 -117 -174 -50 -124 -213 -56 -71 -147 -14 -112 -200 -3 -119 -222 -36 -112 -245 -46 -120 -215 
-19 -109 -217 -53 -76 -219 -28 -118 -205 17 -174 -198 -21 -151 -201 -24 -182 -182 -22 -174 -167 -7 -175 -162 
-25 -161 -147 -17 -177 -125 -33 -111 -174 14 -167 -159 29 -149 -180 -13 -189 -160 -45 -185 -127 -58 -124 -145 
-12 -155 -162 51 -73 -120 -7 -112 -126 -50 -105 -181 -90 -185 -190 10 -173 -205 52 -123 -155 -28 -140 -170 
-86 -118 -181 -3 -97 -164 23 -90 -163 -18 -96 -163 -54 -54 -144 -73 -62 -177 -68 -65 -169 -34 -120 -190 
-56 -174 -204 -22 -154 -165 -22 -151 -180 11 -155 -155 -29 -162 -210 -25 -106 -137 1 -71 -172 -35 -133 -138 
5 -134 -184 -8 -126 -133 3 -116 -147 -26 -72 -173 -60 -73 -201 -1 -75 -190 -15 -61 -179 -34 -59 -154 
-36 -37 -191 -38 -80 -230 -32 -99 -227 -28 -94 -196 -72 -101 -199 -18 -50 -152 4 -67 -153 -4 -47 -168 
-46 -79 -153 -49 -70 -169 -43 -117 -185 -32 -127 -192 -2 -112 -173 -10 -142 -149 -32 -159 -174 -25 -150 -165 
21 -127 -169 -15 -57 -83 -65 -92 -136 -65 -117 -183 -22 -111 -210 4 -142 -196 38 -120 -184 -79 -167 -192 
-66 -121 -120 63 -103 -193 12 -103 -163 -57 -151 -202 -96 -168 -168 -29 -152 -205 18 -143 -194 -10 -155 -210 
-38 -168 -164 -38 -155 -136 -12 -201 -157 -8 -132 -184 -41 -131 -109 -32 -170 -154 -28 -149 -168 -3 -153 -121 
-9 -118 -134 -19 -114 -164 -38 -99 -136 -7 -128 -116 13 -68 -129 1 -95 -122 -29 -28 -130 -55 -68 -125 
-58 -24 -151 -48 -17 -176 -28 -27 -201 -49 -94 -226 -37 -67 -232 -34 -85 -206 -37 -66 -199 -38 -95 -226 
-35 -108 -181 9 -74 -171 -33 -109 -162 -63 -90 -198 -26 -140 -196 -35 -151 -154 -5 -100 -127 9 -59 -139 
-43 -80 -196 -65 -137 -180 -27 -87 -170 -64 -144 -163 -19 -113 -181 9 -63 -156 2 -82 -136 1 -56 -120 
-109 -75 -167 -42 -95 -169 4 -81 -187 11 -88 -180 -47 -106 -174 -69 -114 -170 -31 -109 -165 9 -103 -188 
-28 -132 -208 -19 -97 -195 -23 -113 -191 3 -100 -159 -53 -126 -144 -64 -99 -157 -7 -161 -178 -12 -147 -142 
-25 -180 -146 -40 -161 -92 16 -111 -98 26 -67 -118 -19 -62 -124 -12 -105 -141 -37 -41 -91 -63 -51 -45 
-50 -79 -111 -6 -98 -117 4 -68 -101 22 -60 -105 -57 -73 -114 -35 -62 -94 -43 -36 -91 -28 -42 -120 
8 -22 -125 -1 -6 -89 -49 -26 -159 -55 -4 -172 -39 -64 -164 -33 -71 -164 -56 -44 -152 -77 -30 -173 
-15 -88 -174 17 -98 -150 0 -75 -133 -43 -66 -123 -50 -86 -155 -28 -72 -123 -17 -68 -116 6 -68 -100 
-49 -47 -106 -39 -113 -130 -35 -84 -143 -28 -86 -86 -11 -82 -104 -8 -49 -111 8 -26 -103 -46 -50 -107 
-36 -91 -108 -8 -94 -126 -21 -81 -149 -83 -61 -150 -26 -80 -175 15 -74 -151 -19 -79 -161 -58 -134 -206 
-47 -110 -165 -9 -158 -191 -52 -153 -178 43 -139 -188 -22 -139 -123 -9 -142 -130 -5 -164 -104 0 -142 -121 
6 -90 -133 -79 -95 -122 -25 -62 -102 -34 -112 -155 -50 -104 -141 -42 -125 -160 -56 -140 -160 -46 -156 -178 
32 -101 -135 32 -147 -137 -50 -139 -179 -57 -141 -171 -14 -117 -215 -18 -124 -186 -7 -104 -211 -63 -112 -223 
-61 -87 -228 -43 -92 -229 -17 -139 -242 -59 -150 -220 -53 -105 -259 62 -153 -267 19 -197 -203 16 -142 -275 
-86 -221 -239 -10 -131 -157 -14 -155 -192 -68 -181 -162 32 -139 -195 6 -137 -202 -37 -169 -142 -25 -148 -210 
-26 -163 -179 -18 -144 -204 0 -130 -181 -2 -131 -187 23 -116 -145 -40 -114 -132 -30 -104 -182 -10 -126 -156 
-24 -99 -161 -38 -108 -210 -7 -104 -198 15 -84 -191 -25 -72 -175 -51 -91 -141 -59 -98 -189 -50 -113 -190 
-11 -107 -178 -23 -113 -216 -5 -97 -205 -20 -87 -180 -71 -100 -144 -16 -64 -181 -49 -88 -162 -41 -64 -187 
-12 -79 -196 -8 -129 -220 -59 -118 -215 -17 -121 -194 -27 -132 -191 -36 -131 -219 -39 -97 -237 -26 -84 -189 
-28 -103 -204 -61 -74 -219 13 -46 -203 13 -90 -196 -37 -106 -205 -48 -138 -211 -4 -142 -180 -29 -131 -219 
-20 -136 -166 -39 -102 -137 -61 -111 -169 11 -64 -170 26 -59 -123 -57 -78 -154 -80 -75 -154 -49 -93 -119 
12 -94 -145 -28 -51 -149 -45 -62 -117 -39 -39 -150 -38 -51 -108 -35 -60 -99 -33 -24 -148 -50 -84 -130 
-17 -23 -138 -29 -93 -212 -30 -123 -265 -53 -162 -249 12 -165 -141 7 -188 -214 -59 -243 -219 -26 -173 -182 
12 -168 -143 -26 -197 -164 -63 -146 -169 -15 -171 -130 -14 -200 -152 -17 -195 -160 3 -180 -157 -5 -205 -178 
-54 -179 -176 -44 -208 -146 2 -175 -166 -3 -203 -158 -4 -218 -159 -20 -213 -202 9 -210 -171 -12 -196 -175 
20 -174 -175 9 -175 -165 -46 -98 -130 -60 -204 -127 -3 -95 -116 40 -114 -119 -6 -145 -134 -113 -91 -137 
-63 -61 -165 0 -53 -130 6 -55 -186 -17 -112 -194 -96 -90 -202 -56 -116 -226 -28 -96 -204 3 -84 -192 
-38 -145 -240 -37 -147 -198 -48 -134 -211 -72 -150 -178 -38 -119 -204 -33 -90 -158 -1 -125 -195 -6 -135 -173 
-75 -123 -165 -46 -176 -220 25 -143 -200 43 -110 -165 -23 -165 -187 -64 -164 -193 -42 -136 -158 1 -147 -159 
-12 -130 -154 -35 -115 -165 -50 -130 -187 0 -161 -157 -18 -146 -185 -37 -194 -174 -18 -158 -168 -60 -193 -163 
51 -143 -96 29 -145 -152 -36 -91 -140 -92 -101 -97 -28 -99 -188 -21 -138 -156 6 -142 -203 -24 -172 -148 
-2 -136 -161 4 -111 -153 -27 -135 -139 -38 -119 -199 -41 -107 -145 3 -82 -169 -17 -104 -156 -36 -72 -198 
-45 -102 -180 16 -68 -163 -13 -97 -205 -17 -74 -200 -54 -121 -176 -22 -93 -163 -18 -43 -127 -64 -106 -171 
-18 -28 -108 -24 -84 -137 -28 -62 -120 -33 -74 -60 -18 -37 -132 -16 -61 -92 8 -47 -77 -48 -48 -99 
-9 -51 -82 -18 -39 -89 -91 -62 -111 -60 -1 -117 -18 -63 -140 -8 21 -196 -96 -66 -176 -79 -88 -200 
26 -150 -217 35 -170 -198 -11 -179 -197 -15 -191 -164 -64 -146 -158 -6 -137 -134 -4 -130 -145 10 -108 -147 
-44 -106 -125 -18 -111 -107 -36 -100 -68 -10 -110 -41 16 -92 -72 -35 -122 -98 -8 -113 -115 1 -121 -118 
-51 -128 -87 -75 -122 -120 -2 -124 -120 -26 -154 -145 14 -184 -152 -14 -167 -132 4 -151 -150 4 -115 -124 
11 -125 -75 5 -136 -105 -14 -102 -89 -36 -25 -80 -50 -58 -73 -63 154 -51 -10 112 -42 -11 35 -12 
-107 -9 -118 -64 -103 -165 -5 -79 -180 -17 -83 -84 -38 -71 -125 2 -128 -123 -28 -78 -92 -3 -90 -46 
-37 -76 -121 3 52 -31 8 -19 -54 -185 -42 -85 -131 -132 -90 15 -130 -188 76 -128 -104 64 -139 -108 
9 -104 -111 -27 -102 -91 -37 -98 -96 -63 -64 -75 -101 -62 -131 -33 -110 -160 17 -132 -161 -25 -118 -194 
-74 -224 -188 39 -239 -196 56 -197 -138 25 -198 -155 -59 -174 -117 -117 -186 -146 -85 -51 -155 0 -159 -140 
-6 -136 -188 -64 -176 -179 -77 -173 -188 -27 -213 -215 25 -186 -217 54 -209 -184 -17 -209 -234 -53 -160 -232 
-45 -194 -275 1 -184 -223 33 -194 -234 15 -177 -225 4 -160 -231 -90 -193 -190 -43 -163 -213 15 -104 -171 
-12 -145 -138 -44 -145 -165 -30 -171 -183 -20 -140 -175 14 -175 -140 -6 -180 -153 -54 -162 -137 -53 -174 -153 
18 -122 -110 -11 -134 -57 -11 -91 -104 -54 -59 -103 -49 -46 -76 -52 -131 -116 -16 -134 -197 -10 -95 -137 
-30 -127 -179 -73 -120 -192 -20 -151 -186 26 -151 -158 -16 -110 -205 -47 -165 -165 -59 -147 -189 -71 -107 -149 
23 -120 -165 -42 -133 -158 -13 -148 -161 -2 -140 -141 -8 -160 -109 -50 -135 -171 -25 -133 -129 -1 -123 -131 
-40 -82 -113 -44 -79 -163 -50 -129 -138 -68 -120 -196 -24 -108 -180 27 -137 -159 57 -107 -186 -49 -87 -125 
-83 -101 -184 43 -84 -178 2 -93 -203 -54 -75 -163 -29 -87 -187 -70 -56 -167 -43 -64 -164 -35 -93 -166 
-27 -101 -164 54 -93 -142 -15 -88 -144 -43 -82 -134 -99 -45 -110 -72 -60 -174 -27 -39 -104 -12 -55 -157 
-60 -64 -130 -20 -67 -158 -54 -67 -134 -43 -91 -158 -14 -62 -141 -11 -63 -145 -23 -71 -191 -17 -114 -181 
-27 -95 -191 -82 -112 -160 -64 -123 -167 -5 -126 -188 -1 -137 -171 30 -161 -214 -42 -127 -167 -41 -165 -167 
-14 -169 -140 -27 -162 -130 3 -91 -117 -28 -138 -130 -18 -120 -145 36 -87 -85 -26 -87 -78 -57 -72 -107 
-62 -74 -82 -77 -104 -102 -18 -166 -153 -3 -170 -146 -20 -172 -157 -3 -144 -153 2 -91 -110 34 -71 -143 
-28 -82 -132 -41 -138 -149 -21 -104 -174 -6 -138 -201 -17 -103 -183 -42 -78 -190 -57 -60 -180 -5 -104 -188 
-18 -77 -162 -55 -104 -195 -33 -88 -136 -13 -130 -164 -24 -111 -169 -20 -117 -131 -21 -121 -135 -55 -90 -118 
-49 -106 -91 -5 -35 -92 -59 -128 -113 -44 -125 -153 -19 -135 -106 29 -113 -138 25 -124 -126 -43 -85 -106 
-91 -89 -108 -25 -52 -178 -25 -97 -120 -11 -86 -160 -49 -102 -146 -66 -142 -205 -19 -120 -170 -20 -112 -135 
-30 -164 -172 0 -174 -177 17 -151 -172 1 -146 -134 -54 -122 -155 -57 -156 -116 -22 -188 -153 5 -153 -127 
-26 -157 -147 -8 -126 -122 -38 -140 -106 -15 -131 -159 1 -71 -155 -47 -80 -137 -123 -175 -137 10 -77 -166 
40 -112 -184 -47 -70 -188 -69 -125 -174 -67 -96 -181 -45 -115 -184 4 -108 -229 4 -91 -218 4 -116 -220 
-54 -98 -182 -45 -81 -174 -47 -112 -235 -10 -108 -200 -18 -94 -169 -20 -79 -230 -65 -103 -152 -27 -136 -163 
-36 -110 -182 -6 -130 -199 -30 -113 -169 -21 -132 -163 -56 -124 -160 -13 -143 -177 47 -131 -176 0 -124 -194 
-35 -100 -178 -4 -64 -121 -58 -97 -157 -96 -82 -177 -64 -98 -183 12 -139 -213 -62 -131 -215 -48 -154 -257 
-15 -193 -213 3 -172 -231 -48 -171 -175 -61 -151 -192 8 -152 -149 24 -158 -146 9 -161 -147 0 -131 -162 
-25 -115 -136 -55 -107 -116 -58 -109 -162 -28 -81 -178 -4 -42 -132 -84 -102 -200 -55 -115 -181 -76 -139 -218 
-44 -162 -206 14 -173 -222 23 -117 -215 -12 -150 -191 -49 -65 -157 -41 -107 -182 -27 -102 -231 -11 -90 -213 
-45 -167 -216 -114 -125 -231 -50 -121 -217 15 -153 -186 66 -97 -164 -45 -96 -121 -124 -117 -162 -81 -81 -161 
-9 -80 -218 -43 -92 -224 -71 -90 -193 -33 -196 -240 -13 -169 -177 -67 -204 -174 9 -203 -226 -29 -162 -175 
-28 -159 -145 -40 -111 -185 -63 -172 -216 -71 -127 -222 11 -196 -218 -28 -223 -231 -19 -199 -184 -47 -215 -215 
-23 -165 -142 8 -157 -135 -57 -143 -123 -12 -121 -186 -84 -134 -155 -2 -113 -133 -25 -200 -125 -74 -175 -126 
-35 -195 -212 30 -185 -145 -13 -203 -165 -65 -198 -174 -62 -160 -148 6 -142 -116 28 -138 -163 -19 -76 -197 
-80 -123 -227 -14 -160 -247 13 -196 -246 26 -222 -283 25 -205 -245 18 -193 -203 -35 -187 -202 -87 -194 -248 
33 -216 -239 27 -183 -217 -35 -202 -214 -52 -202 -215 -39 -175 -186 -25 -224 -186 36 -177 -191 -2 -189 -135 
-47 -200 -150 0 -195 -127 -5 -196 -128 4 -177 -149 -19 -183 -70 -9 -160 -126 3 -151 -125 -22 -167 -121 
-9 -118 -94 -65 -101 -87 -57 -87 -151 33 -119 -137 -41 -116 -147 -45 -132 -154 -53 -130 -85 4 -162 -163 
-15 -156 -113 -26 -151 -124 -32 -180 -120 9 -130 -99 -2 -130 -126 -42 -120 -92 -39 -124 -119 -52 -119 -93 
-3 -102 -134 -34 -170 -162 -56 -186 -144 6 -160 -149 -16 -203 -156 -7 -134 -121 -19 -165 -118 -52 -175 -163 
-8 -165 -164 34 -154 -172 21 -155 -153 -40 -125 -138 -32 -159 -112 -45 -138 -148 -5 -126 -123 30 -108 -164 
-37 -130 -148 -56 -82 -140 -44 -126 -104 -23 -118 -114 -11 -110 -97 -38 -122 -114 -46 -106 -75 -31 -52 -70 
-64 -46 -77 -60 -111 -93 -37 -79 -77 -81 -129 -85 -23 -164 -118 -12 -143 -71 1 -181 -98 -16 -128 -91 
-40 -186 -96 26 -175 -117 27 -139 -76 -63 -174 -106 -44 -189 -133 -10 -165 -98 44 -184 -62 21 -148 -108 
-45 -97 -38 -42 -114 -101 -51 -128 -74 -16 -120 -93 -31 -151 -80 -29 -166 -81 2 -186 -85 -46 -163 -108 
-32 -163 -68 -12 -142 -62 -30 -143 -95 -29 -175 -116 3 -161 -84 -69 -160 -104 -34 -166 -112 -19 -178 -133 
46 -159 -141 -43 -197 -123 -76 -160 -120 -74 -129 -112 -28 -138 -160 18 -142 -134 -6 -156 -154 1 -100 -162 
-84 -86 -117 -83 -105 -134 -53 -92 -130 -18 -111 -165 -13 -117 -153 -47 -94 -142 -77 -98 -98 -83 -107 -142 
-27 -124 -110 -17 -134 -192 -19 -118 -160 -50 -127 -109 14 -158 -104 -1 -99 -163 -54 -147 -205 -51 -155 -153 
-40 -134 -107 22 -121 -127 -5 -117 -174 -30 -105 -202 -61 -134 -147 -24 -140 -204 -28 -157 -181 -11 -133 -170 
32 -140 -135 -56 -178 -184 -75 -123 -161 -41 -157 -166 22 -158 -136 3 -149 -119 -61 -134 -118 -66 -167 -122 
-14 -109 -75 42 -102 -98 -6 -111 -127 -38 -133 -74 -76 -119 -69 -12 -107 -80 10 -81 -83 7 -92 -97 
-49 -101 -138 -25 -128 -135 -13 -137 -127 19 -112 -153 -95 -125 -116 -74 -100 -179 1 -115 -184 30 -116 -167 
-47 -101 -158 -45 -138 -158 -69 -93 -145 -22 -95 -135 -27 -106 -148 -39 -117 -113 -15 -103 -116 -3 -86 -121 
-23 -58 -113 -48 -91 -110 -51 -99 -116 -34 -109 -151 -20 -98 -99 -38 -132 -123 -14 -100 -109 -53 -123 -129 
-24 -104 -124 -13 -102 -124 -17 -107 -140 -37 -148 -172 -8 -148 -157 21 -111 -142 -55 -180 -147 -47 -163 -142 
-33 -147 -137 -12 -170 -176 6 -161 -177 -14 -187 -152 -28 -198 -156 -59 -218 -120 -39 -210 -128 8 -174 -123 
15 -130 -61 -16 -134 -126 -61 -128 -97 -27 -90 -88 -13 -96 -75 -20 -120 -87 -29 -144 -144 -24 -109 -122 
-20 -141 -193 4 -135 -170 8 -161 -189 -21 -165 -222 -17 -150 -196 -56 -167 -177 -31 -138 -197 -19 -123 -197 
-45 -135 -234 -39 -79 -192 -52 -142 -175 6 -76 -186 -19 -137 -221 -41 -118 -208 -40 -163 -192 -25 -97 -178 
-44 -128 -177 -24 -123 -159 -36 -100 -127 -76 -125 -187 -63 -99 -151 3 -126 -188 -13 -135 -182 -80 -136 -175 
-33 -139 -190 -28 -111 -133 16 -104 -155 -45 -117 -186 -3 -135 -161 13 -92 -187 -40 -168 -214 -95 -134 -157 
22 -145 -186 -5 -137 -182 -57 -142 -167 -26 -145 -176 -1 -124 -118 -14 -130 -92 0 -110 -127 -24 -110 -122 
-33 -109 -122 -22 -107 -101 -29 -113 -116 -90 -128 -120 -59 -132 -126 1 -104 -121 -27 -91 -162 -41 -84 -145 
-44 -98 -157 -39 -103 -155 -36 -119 -165 19 -140 -210 7 -170 -251 -74 -172 -259 -60 -168 -212 43 -143 -237 
18 -90 -189 -78 -144 -177 -96 -137 -239 4 -143 -180 13 -155 -200 -34 -119 -184 -30 -117 -153 -34 -132 -128 
-48 -103 -129 -48 -144 -146 -33 -108 -120 0 -120 -77 -38 -69 -128 -13 -126 -113 -46 -110 -124 -62 -82 -95 
6 -119 -67 -11 -80 -96 -52 -75 -104 -79 -58 -119 -48 -122 -139 41 -136 -148 36 -99 -120 -34 -121 -156 
-60 -150 -103 -19 -118 -123 -16 -92 -111 -1 -72 -145 -9 -105 -131 -65 -103 -163 -47 -98 -145 -43 -106 -89 
3 -112 -132 -7 -124 -138 -12 -168 -155 -11 -109 -141 -40 -135 -105 -51 -123 -119 -37 -155 -130 -27 -157 -175 
-34 -160 -162 -16 -146 -155 -46 -186 -207 36 -127 -178 8 -165 -205 -30 -172 -173 -48 -155 -166 -7 -171 -143 
32 -96 -136 -28 -143 -193 -28 -123 -136 -4 -69 -139 -66 -92 -148 -75 -84 -155 -52 -89 -154 -24 -127 -143 
-10 -113 -122 -33 -128 -131 -37 -125 -149 -24 -119 -132 -55 -110 -150 -16 -115 -109 -34 -63 -102 -23 -78 -129 
-47 -64 -147 -7 -154 -169 -73 -124 -176 -2 -137 -170 -24 -148 -157 11 -165 -164 -44 -150 -162 0 -157 -135 
-40 -134 -125 -37 -149 -118 -13 -136 -159 -23 -154 -108 -17 -122 -139 -60 -107 -110 -30 -81 -150 -5 -116 -93 
-17 -109 -124 -75 -127 -65 -69 -121 -140 -36 -154 -157 -35 -211 -152 23 -184 -167 4 -209 -138 26 -168 -124 
-1 -136 -110 -54 -142 -87 -37 -123 -155 -4 -137 -113 -11 -139 -151 -5 -148 -131 -37 -154 -110 -45 -126 -124 
18 -157 -118 -28 -97 -152 -23 -104 -130 8 -77 -137 -45 -81 -103 -54 -76 -115 -69 -89 -121 -37 -132 -130 
-23 -109 -155 11 -132 -110 -42 -139 -63 16 -64 -71 8 -50 -97 -17 -71 -78 -5 26 -47 -97 15 -47 
-103 -55 -110 -43 -111 -145 30 -115 -159 -8 -136 -161 -71 -115 -133 -45 -95 -135 -18 -73 -114 0 -56 -124 
-81 -136 -225 -73 -101 -178 -44 -193 -206 27 -163 -218 -19 -197 -172 -33 -233 -198 -15 -231 -128 -52 -209 -155 
-32 -175 -95 33 -184 -109 0 -181 -143 -2 -212 -121 -35 -210 -119 -25 -157 -100 -77 -210 -99 -27 -186 -85 
59 -195 -77 22 -147 -73 -38 -72 -59 -14 -133 -69 -38 -119 -107 -14 -155 -138 -110 -134 -134 -19 -137 -119 
-11 -92 -99 -38 -103 -143 -50 -66 -114 -28 -104 -150 -39 -118 -187 -29 -82 -164 -48 -146 -155 -89 -133 -131 
12 -147 -99 49 -145 -128 -30 -143 -120 -36 -111 -77 -81 -131 -78 -46 -101 -119 3 -128 -81 -40 -143 -99 
-9 -117 -18 -27 -71 -68 -31 -95 -54 -22 -34 -86 -25 -120 -101 -71 -114 -20 -17 -67 -96 -70 -171 -133 
16 -181 -156 29 -182 -144 3 -197 -131 -4 -168 -144 -13 -194 -108 -84 -182 -138 -71 -163 -138 3 -147 -130 
-8 -151 -171 -87 -200 -146 -96 -212 -161 -10 -263 -133 14 -223 -114 38 -212 -146 2 -221 -143 -55 -187 -102 
-38 -154 -142 -66 -168 -146 -16 -135 -149 -17 -187 -152 -39 -231 -226 -19 -218 -224 19 -265 -185 51 -201 -166 
-4 -201 -182 -11 -130 -139 -72 -155 -100 -21 -61 -155 -13 -193 -188 21 -82 -227 -49 -95 -88 -86 -124 -136 
-59 -150 -104 -2 -125 -185 -10 -128 -101 -48 -127 -104 -49 -154 -134 -2 -112 -77 -1 -77 -82 -41 -89 -78 
-17 -64 -79 -83 -95 -81 -40 -87 -104 -18 -124 -62 -17 -78 -90 -9 -112 -115 -43 -106 -145 33 -111 -101 
-72 -120 -113 -56 -76 -114 -34 -126 -155 -46 -152 -141 8 -155 -173 -18 -145 -139 -46 -151 -165 -51 -88 -112 
-23 -148 -129 -33 -128 -161 -39 -116 -152 -20 -167 -132 -58 -162 -157 -96 -197 -169 -47 -229 -218 25 -192 -150 
38 -207 -161 -17 -192 -136 -76 -162 -121 -32 -171 -136 -9 -113 -172 -19 -130 -94 9 -179 -184 -49 -164 -142 
-47 -199 -150 -15 -135 -142 3 -132 -173 9 -129 -178 -50 -122 -181 -80 -152 -157 -101 -147 -145 -25 -175 -141 
20 -126 -143 15 -138 -129 -32 -137 -129 -91 -130 -94 -50 -123 -76 -86 -134 -86 -1 -149 -82 56 -98 -61 
-17 -149 -121 -2 -143 -54 -34 -69 -79 -24 -80 -93 -76 -86 -113 -45 -127 -134 -41 -121 -105 -31 -134 -166 
-44 -208 -174 -28 -167 -133 -8 -164 -147 26 -150 -124 -14 -144 -80 -58 -125 -124 -29 -169 -148 -20 -102 -99 
-5 -133 -102 -54 -126 -73 -55 -151 -106 -11 -141 -119 -15 -135 -93 -52 -144 -103 -40 -117 -112 -6 -108 -135 
-23 -153 -129 -41 -128 -145 -111 -187 -196 -72 -202 -183 50 -160 -206 36 -205 -167 18 -204 -167 -13 -175 -132 
-31 -170 -151 -30 -173 -166 72 -113 -164 -24 -105 -149 -76 -110 -127 -60 -109 -128 -35 -119 -160 -17 -130 -132 
-49 -120 -143 -31 -113 -118 -28 -110 -109 -58 -141 -131 -43 -142 -172 -58 -143 -150 0 -144 -160 -11 -115 -162 
-40 -202 -123 -82 -160 -168 -22 -143 -128 35 -129 -105 57 -111 -196 -34 -137 -140 -97 -172 -196 -54 -185 -154 
22 -173 -166 13 -128 -153 10 -129 -141 -11 -146 -137 -71 -122 -86 -47 -113 -122 -72 -171 -139 -5 -123 -133 
-1 -166 -146 -17 -165 -114 -31 -133 -132 -31 -161 -115 7 -139 -136 -33 -154 -108 -20 -150 -92 -37 -149 -125 
4 -106 -142 -6 -118 -153 -64 -119 -104 -28 -107 -137 -8 -128 -149 -9 -85 -161 -72 -131 -155 -38 -111 -194 
-17 -100 -204 18 -98 -193 -34 -71 -169 -66 -97 -137 -101 -80 -141 -40 -106 -153 -7 -98 -147 11 -78 -142 
-88 -82 -145 -22 -122 -122 -30 -176 -135 0 -111 -87 -36 -112 -78 -66 -120 -55 -4 -76 -63 4 -64 -56 
0 -78 -36 14 -105 -66 9 -144 -86 -31 -94 -55 -6 -127 -55 -20 -53 -18 -45 61 42 -47 -15 -33 
-18 -4 -34 -20 -41 -66 -57 -49 -82 -30 -79 -103 -38 -155 -114 -25 -164 -150 -14 -194 -102 12 -178 -121 
-20 -159 -63 -13 -127 -70 -45 -57 -58 -26 -102 -91 -13 -85 -66 -19 -114 -133 -64 -104 -81 -69 -173 -130 
-10 -135 -121 -12 -106 -139 -30 -196 -123 -25 -104 -121 -27 -117 -107 -24 -119 -144 -12 -130 -151 -13 -110 -147 
-32 -84 -127 -60 -123 -164 -12 -78 -148 -30 -106 -150 -41 -105 -144 -64 -80 -139 -40 -96 -170 -26 -85 -119 
-59 -91 -115 -26 -157 -142 -58 -68 -83 -43 -75 -41 -74 -55 -67 28 -126 -96 17 -113 -138 -41 -183 -173 
-3 -165 -77 -2 -159 -125 24 -205 -128 -42 -193 -104 -22 -192 -134 -45 -187 -79 11 -120 -65 53 -154 -67 
-23 -156 -100 -36 -80 -62 -78 -164 -36 -51 -161 -116 -40 -176 -61 17 -172 -90 -7 -220 -104 -30 -188 -73 
-6 -201 -79 49 -179 -61 -2 -180 -83 -32 -145 -92 -23 -180 -134 -15 -139 -106 -34 -152 -114 -36 -160 -133 
-14 -142 -161 -11 -142 -130 -33 -143 -136 18 -141 -121 -7 -151 -159 -38 -141 -157 -51 -103 -135 -38 -108 -72 
-29 -81 -89 -37 -119 -86 -17 -92 -99 -56 -70 -94 -46 -103 -117 -21 -96 -87 -8 -113 -110 -56 -133 -100 
-28 -124 -90 -37 -95 -64 -9 -74 -85 -10 -78 -82 -53 -124 -113 -19 -139 -156 -84 -124 -86 -42 -179 -129 
27 -154 -157 30 -134 -148 -56 -156 -126 -29 -137 -133 -59 -148 -135 -17 -138 -135 28 -124 -117 -34 -153 -132 
-49 -172 -158 -20 -141 -120 46 -145 -107 9 -160 -106 -55 -104 -120 -51 -141 -95 -64 -156 -103 -29 -152 -128 
18 -177 -143 11 -146 -149 -32 -160 -72 -55 -200 -193 2 -120 -151 15 -106 -109 0 -99 -141 -68 -87 -83 
-8 -111 -151 -18 -123 -168 -9 -124 -204 -20 -90 -177 -50 -143 -191 -113 -130 -178 -68 -161 -136 2 -186 -133 
29 -149 -83 -48 -152 -112 -43 -133 -107 2 -79 -64 -37 -96 -42 -26 -84 -28 -83 -88 -1 -34 -98 -50 
58 -2 -5 58 0 -21 -53 -84 -62 -113 -67 -38 -77 -92 -53 11 -55 -40 9 -100 -76 -53 -68 -84 
-16 -108 -84 -29 -122 -112 7 -85 -55 -48 -100 -54 -26 -111 -149 -18 -109 -52 -56 -144 -71 -35 -125 -58 
23 -118 -79 -39 -125 -60 -47 -139 -57 -44 -88 -39 -39 -84 -49 -27 -89 -83 -5 -78 -53 -37 -104 -109 
-75 -172 -90 -35 -131 -90 -29 -125 -96 8 -147 -113 41 -143 -127 -7 -152 -200 16 -169 -137 -9 -148 -178 
-94 -133 -119 -34 -157 -121 24 -86 -85 -4 -23 -73 -62 -10 -14 -53 -27 -67 -68 -42 -49 -45 -51 -96 
-65 -103 -154 17 -104 -110 -64 -123 -48 -22 -94 -36 -33 -65 -57 -57 -96 -64 -18 -104 -81 -27 -127 -95 
23 -121 -167 0 -121 -99 -106 -165 -134 -60 -150 -107 0 -178 -161 19 -151 -105 26 -214 -149 -51 -189 -92 
0 -187 -172 31 -236 -103 -18 -271 -142 -30 -262 -135 -3 -236 -123 71 -255 -113 10 -201 -91 1 -207 -98 
-109 -179 41 100 -112 -69 -20 -196 -52 -41 -85 -55 -17 -175 -17 -20 -36 23 -41 -88 18 -23 -66 -54 
-39 -107 -36 -75 -142 -108 -45 -152 -71 -22 -201 -194 39 -188 -131 25 -251 -152 47 -142 -93 -15 -226 -20 
-35 -118 -76 15 -71 -104 41 -95 -95 -9 -121 -121 -128 -98 -72 -70 -86 -42 -60 -158 -85 1 -131 -168 
-40 -171 -126 -21 -118 -66 -77 -154 -89 -24 -153 -104 46 -125 -51 12 -86 -86 -61 -82 -23 -82 -83 -14 
5 -46 -90 2 -76 -63 -54 -112 -114 -100 -166 -168 0 -177 -116 24 -150 -130 -18 -158 -136 -55 -136 -103 
-28 -135 -117 -28 -134 -189 10 -122 -201 -56 -205 -245 -40 -261 -246 -52 -242 -221 45 -281 -187 32 -227 -179 
29 -248 -220 -48 -245 -214 -14 -209 -219 5 -258 -221 44 -258 -193 65 -299 -127 66 -235 -211 -30 -269 -224 
-34 -217 -187 -10 -187 -125 -8 -104 -148 105 -206 -223 8 -107 -176 -113 -118 -84 -76 -118 -140 -43 -109 -147 
2 -146 -223 0 -155 -268 -48 -142 -222 -65 -212 -240 20 -171 -212 7 -161 -173 -48 -189 -183 -67 -135 -234 
1 -154 -234 -11 -194 -249 -9 -192 -203 -6 -227 -141 -28 -218 -199 -10 -212 -167 27 -239 -82 46 -150 -158 
25 -159 -91 -69 -63 -101 -89 -45 21 -20 -61 -101 -13 -11 -110 -92 -82 -240 -47 -244 -281 13 -230 -235 
16 -192 -132 10 -149 -213 -62 -195 -166 1 -235 -228 36 -175 -211 -14 -216 -210 -30 -193 -196 -30 -227 -243 
0 -236 -205 22 -182 -210 -4 -166 -223 5 -174 -232 14 -184 -214 -22 -128 -162 28 -175 -235 -129 -206 -138 
5 -169 -161 -30 -213 -224 -2 -227 -238 3 -187 -152 -76 -169 -228 -96 -225 -247 -33 -214 -217 1 -216 -212 
3 -260 -258 22 -291 -280 35 -268 -265 -4 -265 -213 -51 -219 -184 -22 -239 -249 -2 -218 -265 8 -245 -260 
5 -228 -235 -58 -195 -209 -59 -178 -265 48 -143 -237 51 -234 -263 -23 -183 -198 -42 -219 -236 -42 -178 -193 
0 -177 -172 -14 -176 -190 -60 -155 -165 -55 -138 -151 -10 -134 -180 -3 -192 -159 -18 -169 -153 -37 -129 -153 
-25 -141 -170 -11 -189 -152 -6 -168 -144 7 -155 -147 -29 -166 -160 -54 -159 -111 -1 -119 -140 -14 -179 -161 
-39 -159 -159 -15 -168 -188 11 -190 -144 -3 -219 -122 -1 -147 -149 -58 -155 -124 -9 -157 -182 -11 -197 -163 
-4 -211 -126 -16 -214 -137 -41 -212 -123 5 -185 -134 23 -173 -116 17 -136 -92 -1 -107 -89 -35 -101 -61 
-34 -142 -91 -10 -118 -80 -16 -127 -107 -39 -118 -103 4 -129 -140 11 -135 -136 -57 -169 -168 -45 -138 -162 
-23 -180 -166 -13 -175 -198 -14 -157 -213 -37 -221 -196 -21 -172 -232 48 -143 -147 0 -131 -169 -52 -157 -152 
-21 -43 -113 -27 -96 -124 -27 -84 -139 -52 -102 -164 -64 -137 -189 -19 -111 -155 -11 -99 -103 -22 -96 -120 
-35 -77 -127 -49 -121 -156 -10 -88 -100 -50 -93 -66 -56 -103 -138 -25 -96 -116 -18 -68 -155 -19 -65 -126 
-37 -54 -115 -56 -91 -180 -55 -36 -158 -48 -107 -266 -80 -243 -245 38 -261 -225 21 -294 -277 -13 -258 -293 
56 -235 -167 -13 -296 -292 -49 -267 -284 -3 -281 -330 54 -254 -235 -7 -270 -235 -3 -273 -258 -69 -271 -163 
-17 -207 -208 24 -190 -182 10 -120 -179 -69 -133 -154 -59 -160 -167 -77 -195 -195 -38 -212 -230 4 -175 -264 
17 -218 -197 14 -244 -211 -34 -181 -210 -34 -220 -208 3 -172 -216 41 -208 -195 31 -138 -181 -23 -126 -171 
-56 -26 -125 -10 -140 -157 -2 -85 -203 -35 -110 -208 -31 -108 -207 -59 -146 -165 -65 -127 -146 -5 -131 -174 
-10 -94 -131 -70 -52 -150 -51 -116 -153 -15 -91 -108 -19 -140 -161 -53 -146 -195 -49 -158 -154 -9 -134 -147 
-1 -134 -178 -37 -118 -171 -55 -149 -190 -17 -106 -183 -39 -137 -181 7 -163 -199 -25 -115 -179 -47 -157 -183 
-31 -139 -171 -19 -150 -196 -37 -125 -180 -3 -124 -189 11 -96 -209 -75 -216 -176 -93 -155 -198 -67 -223 -168 
23 -147 -137 61 -180 -165 -33 -138 -162 -74 -159 -155 -39 -156 -140 6 -117 -116 1 -145 -161 -57 -154 -179 
-21 -143 -194 -29 -125 -176 -34 -107 -172 -34 -66 -168 -67 -112 -161 -44 -70 -204 -13 -107 -246 0 -64 -213 
-42 -78 -265 -49 -146 -161 -1 -103 -212 -27 -109 -180 -10 -106 -194 -33 -102 -146 -40 -88 -179 -40 -97 -140 
-27 -85 -181 -41 -80 -142 -22 -92 -136 -68 -103 -158 -29 -83 -122 -13 -117 -151 -14 -106 -183 -6 -127 -188 
-60 -169 -123 -68 -129 -140 -32 -103 -147 46 -116 -164 50 -109 -144 -53 -132 -153 -94 -169 -155 -68 -157 -186 
9 -164 -151 -14 -172 -140 -32 -155 -107 -17 -154 -93 -6 -144 -78 7 -130 -150 20 -108 -115 -45 -139 -42 
-49 -72 -46 -64 -99 -54 -20 -104 -62 53 -133 -125 -9 -170 -133 -91 -195 -167 -62 -150 -131 -23 -169 -123 
7 -128 -157 -22 -129 -127 -38 -101 -114 -15 -68 -91 -53 -51 -73 -1 -62 -134 -38 -52 -147 -43 -69 -113 
-35 -67 -143 -51 -57 -156 -24 -107 -171 -70 -52 -207 -49 -74 -136 -62 -36 -100 -61 -66 -129 -110 -32 -153 
-77 -139 -164 -30 -140 -193 14 -104 -114 -36 -181 -148 -29 -147 -192 -37 -190 -98 -36 -142 -153 46 -192 -98 
-15 -151 -135 -42 -122 -110 -68 -157 -159 -26 -191 -200 -20 -105 -150 -33 -192 -188 -30 -198 -188 -53 -163 -161 
27 -159 -171 26 -189 -149 -51 -176 -187 -103 -183 -105 7 -156 -121 -8 -149 -167 -21 -146 -148 -15 -129 -144 
-70 -166 -143 -1 -150 -132 -6 -174 -195 -99 -142 -162 -41 -137 -222 3 -177 -217 -27 -159 -211 -53 -144 -191 
-21 -167 -184 -45 -161 -200 -29 -123 -215 -29 -150 -239 -25 -152 -187 -49 -152 -195 -96 -140 -193 7 -78 -169 
-11 -140 -200 -62 -162 -157 -68 -177 -147 -40 -159 -163 -31 -158 -182 7 -194 -130 -12 -133 -117 -78 -166 -81 
25 -137 -120 6 -117 -161 -41 -128 -120 -49 -134 -154 -17 -98 -119 -35 -116 -120 0 -80 -155 -23 -120 -152 
-78 -127 -100 -78 -84 -142 -41 -132 -128 0 -98 -151 -12 -116 -139 -42 -108 -123 -31 -131 -104 -93 -104 -124 
-11 -142 -149 -25 -104 -126 7 -103 -94 -33 -105 -93 -15 -106 -113 -20 -108 -141 -42 -86 -117 -94 -144 -142 
-14 -83 -144 13 -115 -157 -49 -97 -147 -42 -90 -148 -50 -97 -163 -55 -130 -181 -43 -100 -223 -5 -64 -149 
-42 -80 -195 -71 -79 -158 -74 -100 -151 -60 -135 -144 -7 -108 -168 5 -121 -156 -32 -120 -169 -57 -125 -129 
-15 -133 -158 -4 -113 -108 -32 -50 -69 -64 -101 -81 -24 -60 -87 -60 -126 -142 -32 -132 -141 -14 -136 -110 
-30 -54 -82 -53 -80 -138 -49 -89 -113 -64 -86 -136 21 -125 -169 16 -105 -130 -24 -130 -154 -72 -110 -132 
-39 -108 -107 4 -121 -141 -14 -96 -95 -46 -128 -197 -66 -162 -148 -87 -189 -164 5 -108 -117 5 -170 -109 
-50 -177 -113 -49 -212 -190 -26 -212 -163 31 -120 -103 1 -78 -136 -88 -115 -112 -93 -122 -156 -26 -101 -158 
-75 -201 -156 -13 -158 -321 11 -172 -131 4 125 -131 -68 -110 -244 -171 -174 -282 -69 -244 -273 171 -267 -240 
-30 -127 -247 -82 -250 -75 -49 -165 -308 -53 -83 -138 -37 -86 -157 -66 -154 -209 -55 -73 -232 -10 -148 -134 
-112 -168 -165 -69 -207 -252 39 -151 -211 43 -176 -155 -34 -154 -166 -58 -126 -218 -91 -110 -120 -5 -129 -186 
-24 -117 -179 -17 -191 -192 -36 -163 -153 -49 -160 -156 6 -153 -114 15 -99 -103 3 -40 -130 -49 -68 -139 
-65 -94 -173 -39 -70 -142 -30 -115 -177 -64 -78 -91 43 6 -122 -119 -171 -95 -56 -107 -172 0 -87 -73 
-67 -136 -149 -46 -73 -122 4 -109 -115 -29 -125 -157 -86 -110 -150 -77 -108 -141 -2 -124 -175 15 -115 -159 
-84 -121 -182 -98 -148 -184 -37 -162 -171 81 -159 -204 66 -111 -196 -32 -135 -149 -68 -101 -162 -46 -109 -158 
-40 -123 -194 -67 -114 -181 -48 -122 -185 5 -98 -166 -2 -118 -127 -22 -143 -139 -84 -131 -165 -84 -120 -175 
2 -70 -118 -49 -109 -135 -36 -103 -110 -71 -119 -133 -59 -122 -124 -7 -176 -128 -11 -162 -133 25 -113 -96 
-7 -162 -101 19 -105 -141 -46 -146 -106 -48 -172 -157 -29 -116 -124 -26 -143 -133 2 -153 -168 -33 -87 -102 
-68 -152 -153 -33 -82 -120 -5 -135 -93 -26 -97 -158 -55 -113 -90 -31 -100 -98 -57 -114 -132 -18 -150 -113 
-38 -168 -127 -43 -133 -160 -26 -145 -121 -51 -146 -140 -32 -128 -154 -37 -181 -167 13 -180 -180 -19 -175 -244 
-17 -174 -139 4 -120 -127 -10 -132 -100 -14 -123 -141 -37 -143 -116 -41 -98 -195 -24 -111 -204 -50 -118 -176 
-29 -152 -167 -59 -118 -140 -59 -120 -162 -34 -114 -130 -11 -134 -133 -57 -132 -125 -111 -132 -119 -38 -139 -153 
-36 -140 -125 -36 -113 -153 -10 -154 -152 -19 -189 -162 -75 -166 -108 -15 -141 -115 -21 -132 -106 -19 -151 -145 
4 -157 -127 0 -124 -142 -43 -178 -147 -21 -92 -86 -53 -177 -161 -24 -142 -157 -39 -163 -168 -61 -86 -166 
-27 -134 -168 -29 -150 -120 -44 -149 -140 -54 -141 -113 -12 -133 -129 13 -165 -135 -34 -186 -163 -48 -148 -125 
-48 -133 -143 -55 -121 -153 -7 -93 -154 -41 -171 -173 -32 -138 -176 -54 -166 -149 -53 -161 -177 -1 -133 -193 
3 -133 -230 -3 -106 -170 -27 -200 -142 -59 -120 -162 -20 -96 -212 -32 -136 -170 -37 -114 -158 -35 -101 -143 
-25 -117 -148 -84 -148 -180 -14 -71 -206 -10 -146 -173 -32 -135 -187 -43 -129 -170 -39 -81 -153 -54 -175 -146 
-35 -174 -187 -23 -198 -214 3 -189 -161 -29 -162 -147 -40 -157 -155 -21 -145 -152 1 -136 -139 -6 -157 -188 
-51 -155 -154 -68 -180 -195 -13 -192 -172 -15 -146 -195 -30 -206 -244 -33 -216 -199 -10 -209 -204 3 -237 -156 
13 -190 -146 -24 -261 -198 -14 -195 -162 -26 -169 -178 2 -180 -140 -48 -183 -117 -54 -217 -162 -65 -203 -146 
2 -158 -107 15 -153 -120 -36 -121 -90 -41 -115 -126 -32 -111 -124 -34 -157 -127 -32 -153 -149 -9 -160 -147 
14 -199 -190 13 -192 -226 -20 -148 -196 -58 -168 -136 -40 -94 -188 -28 -116 -147 -30 -116 -166 -7 -104 -171 
-37 -169 -176 -48 -92 -164 -51 -145 -123 -63 -151 -118 -38 -167 -169 -29 -141 -153 22 -175 -175 -17 -131 -165 
-18 -126 -86 8 -80 -74 -19 -102 -66 -116 -113 -166 -47 -131 -191 -36 -146 -151 6 -138 -183 -23 -140 -201 
-80 -96 -126 -39 -146 -162 -37 -152 -198 -7 -142 -223 -7 -168 -239 -18 -218 -247 -59 -230 -250 -87 -216 -212 
-7 -204 -209 -43 -208 -186 -15 -206 -207 -5 -192 -179 -18 -198 -193 -9 -203 -173 -55 -251 -183 -14 -218 -156 
-11 -269 -192 -23 -252 -193 -19 -208 -190 7 -184 -165 -9 -193 -206 -62 -233 -185 -40 -212 -242 -24 -230 -188 
37 -217 -195 0 -177 -165 -2 -113 -101 -57 -169 -57 -58 -131 -125 9 -107 -175 -38 -177 -61 -24 -107 -110 
-73 -16 -22 -13 -9 -63 -47 -42 -92 -73 -130 -148 -25 -61 -149 -28 -149 -155 -88 -141 -119 -10 -170 -182 
-37 -154 -96 13 -135 -88 -30 -116 -82 -18 -93 -94 -52 -87 -63 46 -68 -111 -8 0 -36 -36 22 -112 
-106 -135 -120 -33 -140 -206 20 -153 -199 11 -200 -179 -53 -167 -177 -30 -155 -101 -17 -165 -162 -55 -154 -123 
-36 -162 -139 -8 -199 -141 18 -155 -93 -15 -143 -116 -24 -90 -59 -62 -77 -71 -27 15 -74 -134 -62 -76 
11 -117 -144 -14 -150 -109 28 -182 -157 0 -164 -121 -10 -165 -118 -31 -137 -101 -19 -147 -141 -59 -176 -192 
4 -219 -159 40 -210 -149 -19 -87 -33 -119 -73 -118 -61 -77 -151 21 -76 -144 4 -81 -86 -76 -83 -120 
-32 -85 -73 -56 -103 -70 -69 -98 -118 -29 -139 -150 33 -140 -161 -35 -102 -133 -50 -74 -113 -125 -124 -123 
-77 -85 -161 20 -123 -241 -50 -116 -271 22 -208 -253 17 -152 -206 -115 -232 -224 -101 -200 -168 -29 -192 -210 
29 -205 -189 19 -237 -233 -43 -277 -268 -91 -249 -241 -57 -236 -204 1 -303 -263 62 -260 -193 55 -231 -175 
-72 -297 -156 -37 -225 -80 -36 -230 -173 27 -230 -162 15 -183 -139 -11 -206 -176 -55 -168 -162 13 -158 -136 
-52 -165 -67 -106 -126 -89 -37 -67 -132 -30 -72 -175 32 -43 -124 -26 -137 -206 -84 -101 -139 -70 -142 -191 
33 -155 -149 13 -96 -130 -8 -123 -167 -60 -127 -110 -12 -100 -97 -67 -71 -64 -68 5 -107 -36 -25 -80 
-31 -82 -145 -49 -127 -124 -7 -79 -138 25 -90 -115 -77 -119 -98 -61 -32 -51 -45 2 -83 9 -93 -111 
-81 0 -162 -81 -203 -233 -71 -181 -214 66 -136 -154 -31 -179 -202 -68 -205 -181 -50 -141 -95 -8 -145 -198 
-16 -177 -196 -68 -164 -163 -82 -148 -113 -39 -125 -116 -6 -162 -138 -53 -150 -146 12 -181 -127 14 -166 -116 
-59 -188 -75 -42 -151 -109 -39 -168 -74 8 -152 -114 10 -135 -95 58 -106 -85 -72 -106 -71 -135 -97 -98 
42 -121 -131 18 -145 -93 -53 -99 -109 -27 -116 -93 21 -75 -113 -27 -42 -103 -78 -50 -91 -70 -51 -113 
-26 -120 -133 -47 -121 -106 -85 -87 -146 -63 -77 -129 -28 -111 -164 87 -130 -150 -27 -136 -118 -96 -204 -122 
-51 -192 -90 22 -114 -66 27 -95 -79 0 -63 -69 -58 -47 -63 -79 -102 -75 -58 -47 -40 -21 -69 -126 
-90 -118 -144 -43 -126 -185 -28 -136 -143 -33 -158 -163 6 -235 -181 -38 -200 -150 5 -171 -141 -36 -202 -185 
-43 -196 -128 31 -164 -109 -17 -165 -147 -48 -139 -93 -111 -178 -93 -52 -119 -106 45 -113 -129 32 -120 -94 
-73 -130 -124 -91 -165 -113 -38 -140 -162 -27 -138 -117 8 -165 -137 -12 -144 -133 -40 -200 -196 -51 -129 -169 
-11 -144 -168 -35 -91 -147 -49 -146 -210 -31 -105 -196 -5 -120 -213 -3 -157 -178 -56 -134 -170 -55 -112 -149 
-40 -135 -170 -27 -81 -160 -37 -160 -160 -23 -130 -219 -26 -167 -147 -23 -142 -133 -56 -132 -130 -26 -139 -123 
-29 -168 -156 13 -100 -94 9 -55 -78 -62 -45 -94 -88 -117 -163 -115 -92 -105 10 -147 -204 -7 -90 -125 
-19 -136 -202 -43 -196 -162 33 -96 -123 -61 -201 -159 -91 -111 -134 -88 -138 -167 -11 -116 -114 -10 -153 -175 
-50 -148 -119 -58 -171 -146 -32 -125 -114 0 -135 -92 -14 -135 -120 -61 -119 -121 -50 -134 -148 7 -123 -147 
-59 -136 -107 -24 -92 -123 -30 -129 -119 -42 -90 -121 -31 -124 -135 -12 -94 -136 -28 -125 -171 -39 -126 -145 
-27 -106 -141 -46 -44 -196 -67 -83 -150 -84 -76 -155 -35 -70 -152 -37 -91 -147 -16 -81 -139 -76 -89 -169 
-29 -107 -168 -14 -109 -159 -58 -114 -167 -43 -136 -166 -27 -99 -116 -29 -131 -141 -58 -126 -122 -76 -102 -111 
-41 -61 -131 -3 -61 -86 -52 -82 -132 -126 -120 -171 -97 -125 -181 21 -133 -200 51 -155 -195 17 -181 -153 
-77 -202 -193 1 -222 -191 6 -226 -193 -35 -189 -202 -32 -205 -136 -35 -257 -116 -44 -171 -137 -51 -206 -130 
25 -204 -141 25 -193 -113 -36 -214 -114 -76 -241 -107 -7 -196 -127 -1 -209 -171 13 -198 -159 -29 -209 -147 
-68 -228 -154 11 -208 -174 61 -176 -178 4 -170 -143 -72 -217 -152 -33 -196 -135 -21 -175 -116 12 -150 -176 
-39 -124 -165 -21 -157 -145 -32 -155 -109 -25 -144 -114 -55 -127 -112 -19 -119 -101 6 -109 -108 -2 -90 -71 
-5 -83 -42 -27 -44 13 -92 -12 -11 -48 -36 -60 -13 -64 -70 14 -68 -68 -87 -54 -61 14 -75 -73 
-50 -71 -34 -46 -111 -107 -86 -99 -87 42 -94 -110 12 -15 -98 2 -61 -126 -81 -147 -122 -71 -94 -128 
-57 -87 -149 -18 -87 -195 0 -188 -208 -72 -218 -227 -77 -236 -183 -44 -229 -223 50 -257 -192 74 -206 -145 
-50 -280 -162 -88 -247 -124 -3 -195 -139 48 -205 -145 0 -145 -149 -16 -122 -132 -50 -209 -120 -25 -171 -173 
-42 -144 -99 10 -164 -156 -40 -159 -102 -100 -126 -149 -60 -120 -161 -22 -122 -189 11 -150 -196 -29 -145 -194 
-73 -125 -71 -64 -97 -135 -35 -132 -135 4 -102 -145 -29 -125 -139 -28 -95 -103 -38 -144 -128 -23 -105 -138 
-61 -122 -97 -53 -121 -92 25 -112 -101 -2 -119 -108 -63 -127 -127 -82 -128 -100 -8 -100 -112 -19 -144 -143 
35 -79 -97 -16 -90 -106 -46 -80 -92 -36 -117 -89 -41 -75 -18 -15 -70 -90 11 -87 -66 -30 -126 -111 
-42 -178 -108 -53 -105 -93 -17 -84 -75 -78 -87 -97 -90 -131 -104 -69 -141 -130 -26 -166 -142 -6 -195 -163 
8 -213 -184 -3 -251 -135 -50 -190 -157 -21 -192 -151 -6 -193 -227 7 -220 -199 -22 -143 -236 -35 -244 -185 
-19 -128 -135 -4 -199 -205 -29 -174 -193 -42 -180 -195 -19 -186 -202 -6 -155 -189 -53 -228 -155 -125 -161 -188 
-10 -215 -147 79 -216 -270 13 -221 -125 -76 -240 -180 -56 -214 -191 -56 -208 -111 40 -217 -167 49 -177 -171 
-26 -132 -71 -20 -91 -73 -88 -96 -163 -58 -161 -179 19 -100 -177 0 -203 -187 -65 -165 -206 -33 -151 -197 
-12 -151 -142 18 -127 -114 -28 -158 -154 -46 -115 -138 -67 -75 -131 23 -110 -137 -46 -121 -164 -107 -110 -129 
-100 -28 -162 -56 -193 -245 -95 -220 -92 20 -125 -123 -15 -170 -167 -62 -166 -210 -12 -117 -120 -42 -169 -97 
-51 -100 -178 -43 -172 -213 -23 -102 -170 -57 -138 -216 -88 -123 -148 -43 -134 -214 33 -228 -147 34 -234 -221 
-33 -192 -138 -31 -198 -165 -6 -172 -170 -50 -146 -99 -73 -164 -151 2 -195 -131 -4 -162 -108 -35 -176 -115 
-24 -156 -70 -22 -95 -89 -36 -53 -90 12 -85 -148 -69 -68 -124 -72 -158 -130 11 -198 -188 31 -129 -97 
-102 -161 -139 -53 -99 -97 34 -116 -133 -25 -127 -115 -34 -108 -135 -56 -76 -70 -85 -90 -100 -98 -111 -120 
4 -135 -118 23 -125 -120 -48 -169 -96 -99 -191 -116 -112 -186 -148 -30 -109 -124 28 -114 -121 10 -136 -143 
-36 -155 -163 -30 -141 -146 -21 -143 -134 -8 -139 -116 -42 -140 -151 -26 -108 -188 -31 -109 -167 -18 -118 -170 
-54 -129 -184 -57 -159 -146 -42 -139 -93 -29 -119 -121 15 -95 -133 8 -120 -119 -63 -100 -132 -73 -121 -103 
-40 -68 -62 -52 -58 -61 -60 -93 -118 -41 -107 -133 -12 -104 -95 -35 -140 -132 -32 -169 -171 -97 -149 -127 
-9 -149 -120 -30 -131 -139 -12 -132 -165 -71 -210 -176 -31 -189 -235 -64 -216 -192 4 -261 -250 -29 -224 -255 
20 -242 -217 22 -239 -153 -65 -189 -152 -114 -233 -178 -87 -233 -226 23 -252 -142 54 -143 -160 1 -197 -202 
-60 -218 -171 -24 -271 -198 16 -190 -180 -5 -227 -149 -33 -209 -187 -46 -135 -84 -20 -164 -124 -28 -132 -158 
4 -210 -243 -40 -224 -171 3 -142 -210 -17 -197 -133 -48 -90 -106 -24 -86 -158 -38 -128 -182 -18 -126 -169 
-73 -114 -113 -91 -121 -107 7 -52 -73 3 -30 -64 -42 -106 -173 -41 -109 -138 1 -154 -158 -50 -161 -179 
-66 -224 -211 13 -199 -94 53 -131 -131 -86 -170 -84 -38 -150 -160 -50 -124 -128 6 -147 -139 69 -137 -184 
-49 -190 -177 -59 -178 -125 -18 -163 -148 -47 -185 -135 -51 -173 -173 -25 -181 -145 6 -120 -126 -5 -153 -105 
-59 -109 -120 -64 -133 -162 29 -140 -158 -71 -163 -184 -64 -109 -37 -184 -292 -206 -55 -208 -118 18 -72 -84 
-90 -191 -173 -25 -207 -172 -34 -235 -158 17 -176 -90 0 -172 -142 -49 -108 -96 -24 -187 -163 0 -102 -187 
-14 -183 -191 -56 -237 -241 -82 -140 -197 21 -134 -152 4 -101 -167 -11 -147 -142 15 -151 -177 -50 -85 -151 
-32 -104 -150 -9 -67 -176 -75 -105 -161 -66 -122 -183 -5 -86 -148 57 -183 -158 -65 -84 -60 -69 -27 -43 
-72 43 -14 -163 60 -113 -78 -44 -140 -4 -179 -72 61 -116 -86 -24 -158 -113 -8 -120 -50 -23 -10 -31 
-93 20 62 -3 29 -86 9 -52 -132 -16 -63 -95 -55 -98 -193 -35 -190 -159 5 -168 -122 -39 -145 -110 
-41 -113 -56 -17 -113 -141 -9 -84 -83 -36 -92 -106 -24 -119 -131 -39 -124 -136 -68 -95 -118 -90 -160 -117 
38 -197 -161 4 -187 -162 -9 -121 -118 -23 -157 -98 -73 -83 -98 -56 -71 -135 -27 -113 -125 -6 -172 -221 
-35 -147 -166 0 -169 -204 -33 -166 -198 10 -129 -204 -10 -154 -154 -79 -113 -188 -56 -30 -102 -48 -87 -134 
-3 -103 -127 -55 -65 -112 -50 -61 -112 11 -100 -119 -17 -62 -94 -35 -59 -77 -2 -136 -79 -79 -63 -83 
-54 6 -75 0 -90 -22 4 -20 -49 -24 -15 -72 -46 -26 -80 -114 -51 -58 -14 -41 -78 34 -80 -100 
-17 -5 -69 -58 37 -57 -93 -8 -109 -29 -29 -138 3 -85 -140 -52 -139 -154 -92 -83 -164 -53 -117 -201 
13 -120 -164 2 -103 -155 -63 -158 -198 -32 -158 -185 -43 -51 -153 -82 -65 -186 7 -89 -179 -106 -83 -130 
-154 -141 -202 -115 -198 -213 64 -156 -195 81 -204 -287 45 -225 -212 -5 -154 -213 -104 -170 -149 -66 -175 -157 
17 -120 -202 27 -181 -257 -46 -165 -236 -88 -133 -241 -21 -191 -96 -30 -91 -122 54 -77 -158 -65 -27 -100 
-133 -30 -91 -73 -53 -120 -30 -78 -222 -54 -15 -170 -62 -110 -239 -76 -143 -221 -50 -197 -229 -1 -187 -230 
-22 -160 -242 -107 -189 -222 -60 -195 -246 15 -214 -182 8 -214 -203 13 -153 -162 -45 -156 -134 -38 -189 -122 
-9 -89 -124 4 -145 -183 -16 -67 -146 -44 -111 -95 -102 -112 -80 -19 -36 -81 -5 -56 -113 -10 -98 -149 
-142 -125 -237 -179 -180 -170 -18 -181 -100 -12 -32 -117 13 -115 -121 -110 -71 -96 -14 -96 -175 -64 -117 -169 
19 -191 -210 -29 -125 -182 -37 -129 -139 -52 -77 -199 -7 -101 -139 -26 -134 -264 -22 -146 -273 -27 -134 -234 
-124 -38 -159 -144 -134 -195 -9 -87 -228 -2 -93 -215 -4 -162 -299 -70 -183 -268 -42 -191 -286 39 -178 -192 
-36 -185 -223 -140 -143 -202 -47 -151 -116 -86 -86 -206 -97 -193 -221 2 -119 -180 40 -202 -254 -29 -223 -183 
-34 -228 -156 -10 -213 -236 13 -188 -191 -16 -139 -133 -50 -125 -156 -28 -175 -174 -65 -140 -226 -28 -208 -210 
-65 -155 -167 14 -132 -157 15 -169 -149 -60 -177 -214 -63 -151 -155 -66 -115 -175 -60 -115 -129 -62 -76 -211 
-36 -198 -239 -83 -176 -135 -69 -225 -238 -40 -210 -244 61 -220 -281 61 -152 -215 -5 -118 -150 -95 -181 -177 
-89 -141 -249 2 -81 -195 -16 -189 -243 -29 -146 -197 1 -180 -180 -94 -126 -200 -62 -157 -169 -13 -154 -137 
15 -96 -118 -44 -128 -124 -60 -121 -141 -14 -90 -129 -16 -130 -145 -56 -137 -188 -85 -108 -116 -39 -106 -125 -8 -139 -121 -14 -157 -138 -51 -158 -63 -29 -39 -118 -8 -67 -127 -17 -97 -162 0 -110 -99 -12 -79 -103 -89 -111 -128 -29 -63 -79 -15 -53 -94 -62 -48 -90 -42 -56 -85 -38 -58 -110 -22 -110 -131 -85 -124 -119 -33 -133 -137 -56 -128 -136 -12 -95 -120 -9 -106 -90 -40 -103 -166 -57 -84 -139 -21 -83 -131 -39 -127 -161 
-64 -122 -145 -14 -92 -157 -3 -187 -259 2 -127 -255 -25 -125 -209 7 -119 -231 40 -79 -127 -4 -92 -185 
-139 -187 -205 -87 -92 -196 -11 -129 -191 4 -124 -175 -38 -102 -126 -68 -102 -181 -93 -121 -129 -3 -94 -138 
-45 -116 -46 -47 -88 -135 -48 -95 -104 -51 -131 -85 -42 -122 -94 -61 -121 -90 -6 -99 -41 71 -74 -86 
3 -124 -92 -56 -125 -91 -42 -108 -67 37 -61 -124 -39 -67 -51 19 -71 -81 -104 -54 -26 -66 -48 -82 
7 -29 -73 -19 -63 -67 -57 -35 -122 -16 -97 -145 -40 -123 -83 -82 -130 -18 -54 -51 5 -22 -100 -107 
-1 -117 -152 -35 -121 -85 -19 -102 -118 -98 -118 -106 1 -135 -109 -7 -134 -136 -74 -147 -158 -20 -94 -198 
-40 -161 -140 -40 -185 -166 7 -122 -138 -22 -173 -199 -66 -82 -128 -26 -122 -120 23 -102 -165 -25 -107 -151 
-81 -27 -116 -61 -101 -103 -61 -68 -122 -85 -23 -78 -81 -65 -113 -35 -107 -142 -29 -70 -115 24 -118 -153 -49 -111 -50 -5 -93 -124 -16 -76 -116 -109 -117 -127 -22 -79 -87 -8 -79 -113 -72 -115 -151 13 -124 -192 -4 -113 -177 -114 -116 -168 -97 -157 -154 -21 -156 -157 8 -128 -149 -34 -92 -163 -26 -149 -175 -9 -193 -225 -56 -136 -156 -10 -130 -112 0 -174 -138 10 -87 -73 18 -141 -121 -88 -134 -100 -57 -188 -127 11 -161 -126 
-73 -186 -138 -42 -155 -158 -5 -119 -144 13 -163 -164 -15 -143 -145 -47 -133 -109 -58 -200 -175 -44 -193 -184 
-20 -178 -193 -25 -143 -230 -17 -165 -218 -14 -170 -195 -58 -163 -193 -42 -135 -194 -27 -168 -198 -28 -106 -203 
0 -135 -155 -10 -87 -139 -87 -69 -134 -38 -102 -181 -53 -113 -198 16 -69 -225 14 -120 -181 -67 -104 -166 
-62 -113 -130 -13 -65 -159 0 -86 -198 -54 -153 -226 25 -111 -186 -89 -83 -166 -26 -165 -203 -47 -112 -177 
-16 -120 -184 21 -110 -176 -40 -158 -232 -55 -150 -231 0 -148 -208 -29 -170 -235 1 -130 -229 -24 -189 -242 
-32 -188 -205 -30 -205 -175 -101 -175 -190 -11 -147 -197 -4 -95 -187 0 -73 -159 0 -98 -193 -14 -175 -171 
-17 -184 -159 -54 -199 -132 -71 -164 -134 -40 -179 -121 -12 -138 -118 19 -177 -165 -67 -99 -86 -69 -143 -167 
34 -172 -165 32 -147 -129 -1 -164 -129 -93 -128 -76 64 -79 -120 -7 -89 -104 22 -103 -126 -55 -80 -87 
-52 -125 -130 -63 -99 -134 -8 -132 -162 9 -176 -164 17 -156 -144 -46 -153 -118 -65 -158 -96 15 -39 -62 
-62 -81 -111 -26 -151 -139 -26 -203 -193 22 -169 -174 -92 -173 -116 -61 -189 -108 -45 -144 -118 -18 -141 -142 
0 -160 -156 -82 -205 -120 -77 -195 -262 -13 -201 -215 98 -155 -160 26 -218 -206 -78 -248 -155 -44 -228 -99 
49 -209 -153 -4 -219 -141 -17 -215 -129 4 -120 -78 -54 -202 -85 21 -202 -96 6 -112 -74 -45 -147 -60 
-16 -122 -78 -32 -206 -85 -50 -187 -105 -71 -201 -114 -21 -215 -108 18 -217 -96 40 -184 -82 -25 -210 -89 
-35 -190 -111 -20 -114 -111 25 -112 -105 -43 -115 -55 -51 -128 -89 -104 -66 -79 -30 -125 -135 -7 -117 -192 
-36 -49 -152 -25 -73 -81 -43 -65 -205 14 -88 -116 -106 -73 -179 -127 -83 -139 -47 -120 -144 -50 -120 -155 
14 -130 -138 -37 -192 -159 -74 -201 -171 -125 -88 -70 -3 -38 -83 45 -68 -66 36 -109 -187 -32 -135 -120 
-61 -113 -116 -59 -106 -81 -48 -99 -152 -18 -122 -141 35 -91 -113 -12 -152 -177 -69 -191 -147 -29 -168 -170 
29 -160 -143 -71 -203 -207 -91 -268 -188 -50 -224 -149 15 -187 -131 34 -202 -140 -28 -202 -126 -31 -171 -136 
-19 -175 -152 -21 -186 -102 -1 -164 -91 8 -177 -78 -19 -206 -89 -59 -114 -94 -57 -202 -105 -109 -196 -174 
-1 -237 -229 19 -208 -214 -38 -254 -228 -17 -250 -228 -30 -252 -133 42 -261 -236 55 -158 -204 11 -149 -143 
-131 -137 -144 -93 -95 -230 1 -175 -159 39 -159 -168 -48 -128 -169 -37 -155 -213 -17 -149 -188 -7 -239 -146 
3 -232 -186 -27 -209 -161 -60 -208 -113 -50 -194 -100 -17 -152 -128 2 -148 -116 -29 -100 -110 -41 -113 -87 
-72 -125 -108 -22 -166 -175 -15 -152 -220 -26 -181 -228 -71 -186 -184 18 -199 -186 -31 -226 -126 26 -205 -160 
-19 -185 -177 -51 -134 -165 -27 -187 -169 39 -126 -168 -47 -187 -120 -102 -160 -86 -22 -165 -104 37 -172 -189 
-9 -226 -227 -29 -225 -108 -29 -214 -76 -9 -173 -66 -14 -178 -183 0 -187 -68 -31 -209 -59 53 -87 -187 
-99 -44 -114 0 0 -27 10 1 -90 -25 -32 -145 -146 -35 -277 -25 -262 -146 -9 -49 -135 47 -20 -246 
-73 -28 -158 -54 -177 -78 -9 -168 -190 9 -117 -209 -43 -108 -151 -134 -88 -227 -22 -137 -176 -4 -76 -175 
12 -110 -186 10 -195 -180 -4 -119 -92 -20 -112 -131 -121 -122 -171 -55 -91 -72 1 -121 -157 36 -160 -147 
-48 -83 -55 -79 -121 -146 -2 -121 -172 -59 -104 -130 -59 -163 -173 -103 -119 -251 -16 -131 -205 -6 -193 -97 
-118 -167 -127 -83 -206 -197 17 -166 -175 -30 -143 -140 0 -171 -149 -2 -82 -28 -59 -153 -111 -67 -149 -135 
1 -161 -186 41 -150 -120 -76 -180 -130 -65 -86 -167 -95 -155 -144 56 -174 -150 -15 -117 -151 -26 -123 -135 
-35 -77 -135 9 -55 -127 -75 -133 -241 -118 -38 -182 -24 -72 -134 -80 -99 -110 -72 -97 -185 -34 -69 -182 
4 -76 -255 1 -61 -112 -94 -129 -122 -116 -183 -142 -8 -164 -126 22 -148 -150 27 -112 -139 -24 -79 -68 
-3 -114 -136 -13 -66 -110 -75 -54 -122 -43 -74 -114 -5 -63 -158 -111 -12 -139 -46 -81 -189 -20 -157 -144 
-3 -28 -126 -32 14 -147 -91 -132 -184 -29 -113 -170 -109 0 -121 -168 -228 -268 68 -190 -207 62 -246 -270 
-103 -16 -21 -152 -167 -160 -41 -225 -358 48 -122 -112 103 -103 -77 -189 -127 -161 -13 -224 -246 -3 -279 -176 
-54 -107 -71 -51 -81 -135 -66 -106 -182 -28 -151 -167 46 -193 -156 62 -99 -151 -35 -113 -72 -44 -87 -62 
-17 -36 -76 25 53 -59 -16 -32 -158 -120 -20 -153 -218 -49 -70 -48 -56 -166 25 -58 -133 2 -65 -162 
-140 -112 -206 -6 -190 -144 -10 -50 -145 -74 -128 -132 -50 -132 -120 14 -78 -163 -71 -139 -163 3 -59 -140 
-64 -175 -183 10 -156 -163 0 -111 -142 -98 -101 -148 -118 -91 -87 -30 -61 -59 61 -89 -129 8 -132 -189 
-83 -123 -142 -44 -115 -98 4 -52 -98 -105 -102 -98 -102 -123 -174 -115 -153 -150 -16 -129 -180 1 -138 -169 
10 -189 -144 18 -168 -233 -4 -176 -188 -136 -116 -222 -3 -96 -168 -7 -79 -176 -67 -88 -169 -143 -140 -214 
-7 -89 -169 5 -118 -150 -58 -74 -175 -66 -154 -207 -38 -135 -216 -49 -171 -173 -58 -142 -148 -12 -163 -149 
-70 -118 -94 -102 -113 -147 -83 -137 -150 -9 -143 -190 31 -163 -173 -51 -204 -257 -64 -240 -186 -47 -222 -189 
66 -192 -138 -11 -147 -124 -31 -139 -144 -58 -126 -138 -65 -152 -196 -35 -166 -207 -42 -175 -186 -35 -143 -168 
-40 -80 -119 -38 -163 -111 20 -141 -183 -31 -132 -206 -74 -182 -148 8 -161 -146 -47 -139 -98 -73 -105 -134 
13 -121 -219 -21 -128 -217 -90 -175 -201 -97 -156 -259 -21 -140 -191 -76 -134 -208 -84 -116 -244 -12 -139 -248 
-24 -100 -251 -51 -155 -243 -119 -120 -214 -33 -132 -153 -67 -100 -109 36 -84 -223 -102 -141 -200 -60 -166 -222 
-38 -155 -150 -47 -152 -230 -17 -130 -162 -6 -191 -214 -43 -218 -156 -40 -134 -115 -14 -79 -118 -20 -125 -154 
-46 -183 -204 -69 -206 -213 -29 -175 -176 -1 -203 -165 -26 -144 -143 -19 -200 -179 -39 -179 -203 0 -181 -160 
-24 -151 -135 -8 -184 -120 -94 -160 -144 -43 -114 -128 -10 -195 -169 -38 -159 -120 20 -120 -101 -29 -135 -111 
-39 -109 -118 20 -157 -152 -109 -157 -180 -50 -178 -128 -17 -222 -130 -28 -141 -180 -8 -165 -215 -41 -208 -244 
-9 -142 -210 -76 -144 -175 -99 -181 -225 -51 -132 -186 1 -181 -263 25 -102 -137 20 -158 -110 -40 -121 -148 
-64 -105 -125 -89 -120 -128 -13 -77 -95 -15 -137 -168 -25 -145 -125 -100 -129 -171 -29 -162 -186 -4 -172 -145 
-75 -144 -128 -57 -152 -149 20 -78 -162 -21 -151 -154 -38 -152 -259 -12 -198 -187 -51 -156 -137 -35 -181 -199 
-24 -160 -180 15 -180 -163 -62 -174 -156 -35 -149 -132 -66 -96 -106 -28 -115 -147 -5 -125 -165 -8 -91 -145 
-93 -130 -167 -130 -163 -155 -107 -122 -199 -11 -186 -196 11 -183 -195 -8 -260 -241 -17 -154 -215 -6 -291 -183 
-53 -216 -204 47 -140 -197 15 -231 -195 -72 -152 -213 -78 -173 -163 -68 -126 -139 5 -122 -118 -24 -126 -97 
-63 -95 -164 -35 -133 -159 -10 -129 -170 -88 -146 -146 -8 -151 -147 -45 -160 -163 -23 -112 -126 -59 -125 -132 
-14 -100 -114 -21 -113 -128 -55 -136 -156 -55 -96 -137 -60 -118 -165 -20 -113 -139 -51 -109 -123 -7 -140 -144 
-46 -108 -132 -3 -160 -156 -23 -126 -147 -8 -106 -91 1 -112 -83 -69 -57 -59 -32 -96 -49 -59 -78 -59 
11 -86 -112 -22 -111 -83 -65 -116 -70 -83 -88 -40 -52 -68 -80 17 -52 -143 -9 -96 -135 -78 -144 -164 
-93 -119 -198 -26 -227 -171 20 -166 -225 41 -170 -212 -7 -169 -200 -84 -111 -133 -95 -100 -196 -39 -81 -192 
-8 -90 -151 -38 -107 -165 -91 -114 -141 -92 -95 -128 -43 -144 -136 -16 -168 -169 7 -128 -127 -18 -111 -113 
-63 -94 -95 -25 -132 -102 -17 -58 -59 -51 -69 -76 -52 -63 -49 -27 -78 -128 -61 -87 -147 -22 -93 -142 
-7 -136 -148 -3 -133 -102 -21 -168 -141 -82 -174 -167 -39 -150 -119 1 -144 -120 5 -161 -109 -1 -124 -105 
-79 -132 -103 -40 -144 -122 -16 -155 -125 9 -150 -138 -1 -195 -134 -40 -162 -141 -63 -137 -93 -90 -159 -147 
2 -114 -127 65 -130 -149 -92 -188 -168 -84 -121 -217 -26 -135 -140 20 -115 -146 -16 -98 -165 -85 -125 -136 
-63 -89 -123 -66 -106 -152 -68 -104 -180 35 -113 -109 0 -129 -104 -74 -141 -111 -28 -62 -62 -40 -117 -96 
-8 -74 -113 -7 -69 -52 -60 -74 -57 -95 -106 -118 -60 -60 -68 15 -57 -93 -21 -31 -59 13 -61 -91 
-67 -48 -106 -73 -120 -135 -32 -83 -142 -16 -97 -134 -134 -41 -92 28 -101 -208 -12 -135 -185 -54 -111 -166 
-76 -177 -216 -5 -137 -137 15 -147 -143 -49 -158 -143 -89 -179 -145 -66 -150 -159 0 -96 -103 23 -101 -147 
-99 -150 -140 -25 -122 -195 1 -129 -156 -16 -126 -178 -5 -151 -166 -137 -120 -183 -86 -148 -221 24 -169 -238 
-30 -75 -177 4 -213 -177 -52 -132 -118 -14 -165 -147 -9 -109 -95 -51 -118 -94 -64 -78 -104 -18 -91 -133 
-55 -105 -152 -45 -116 -131 -20 -136 -112 0 -150 -110 -93 -140 -134 -58 -134 -107 3 -128 -95 -64 -104 -163 
35 -111 -137 -30 -105 -144 -145 -100 -150 -67 -170 -172 4 -120 -199 55 -121 -140 -42 -116 -148 -81 -134 -146 
-89 -186 -186 -81 -115 -183 29 -132 -153 20 -156 -169 -89 -176 -156 -54 -157 -170 -66 -170 -141 4 -181 -221 
11 -120 -174 -97 -151 -247 -36 -142 -191 -81 -167 -229 -21 -103 -173 -71 -134 -202 -93 -67 -220 -34 -49 -202 
-83 0 -153 -52 -138 -192 -46 -68 -161 -4 -144 -253 -64 -100 -213 -57 -136 -208 -24 -115 -163 -38 -139 -184 
-54 -124 -158 -81 -118 -128 -27 -113 -169 -19 -37 -157 -8 -88 -221 -46 -151 -263 -118 -188 -203 -53 -139 -191 
57 -159 -221 -6 -152 -202 -36 -157 -208 -61 -179 -156 -88 -131 -204 -73 -149 -226 5 -187 -240 -30 -183 -153 
39 -161 -148 -43 -132 -128 -75 -144 -77 -67 -72 -151 -45 -100 -120 -7 -147 -143 -67 -149 -148 -32 -96 -144 
-17 -190 -195 -33 -113 -173 50 -134 -150 -25 -36 -99 -59 -32 -107 -108 -27 -104 -25 -97 -143 -35 -71 -212 
-56 -145 -223 -19 -7 -130 -33 -41 -131 54 -54 -186 -53 -32 -169 -122 -30 -168 -117 -2 -143 -99 -46 -154 
-8 -85 -175 -50 -56 -174 -132 -111 -207 -116 -145 -183 8 -90 -166 -5 -97 -141 -38 -149 -180 -42 -69 -174 
-12 -98 -158 -93 -138 -248 -36 -80 -154 -31 -157 -223 -8 -146 -206 -33 -205 -158 -57 -150 -147 -35 -207 -115 
-1 -157 -90 29 -128 -120 -29 -121 -85 4 -131 -94 -12 -153 -106 -33 -160 -50 -38 -81 -51 -78 -116 -65 
42 -89 -77 -3 -62 -114 -26 -69 -72 -113 -146 -120 -80 -163 -165 -6 -218 -166 29 -159 -188 39 -136 -112 
-53 -93 -69 -38 -93 -112 -73 -115 -163 -23 -11 -99 -75 -59 -117 -55 -40 -126 17 -80 -109 -82 -91 -113 
-78 -77 -126 -57 -98 -141 26 -100 -88 -36 -98 -136 -50 -95 -118 -64 -72 -134 -80 -69 -78 -92 -28 -63 
-47 -6 -128 -60 -124 -178 48 -76 -199 -105 -121 -206 -39 -102 -264 -9 -122 -220 -51 -87 -147 -101 -95 -186 
-30 -116 -151 -15 -167 -222 -15 -119 -173 6 -226 -174 -34 -143 -135 -81 -223 -83 0 -161 -121 22 -109 -75 
-70 -179 -132 -79 -155 -122 -56 -209 -177 -20 -183 -183 16 -166 -172 -30 -180 -196 -30 -198 -191 -75 -117 -228 
-17 -176 -182 8 -138 -162 -63 -167 -168 -58 -84 -209 -18 -143 -207 -18 -114 -194 -91 -122 -209 -62 -112 -151 
-19 -120 -164 -73 -169 -151 -39 -117 -155 -29 -124 -162 -17 -123 -135 -52 -131 -170 -79 -103 -185 -54 -150 -140 
43 -90 -130 -70 -89 -124 -130 -98 -168 -13 -69 -142 29 -123 -148 -31 -122 -165 -35 -112 -178 -20 -91 -132 -19 -93 -160 -66 -40 -152 -64 -124 -194 -71 -112 -206 -21 -63 -151 -63 -129 -171 -49 -107 -163 -109 -103 -217 
-34 -115 -148 -24 -119 -186 -44 -109 -188 -81 -136 -190 -24 -159 -234 -88 -221 -241 -29 -158 -266 2 -228 -226 
-23 -155 -188 -60 -182 -231 -36 -166 -211 -42 -129 -222 -11 -174 -198 -45 -91 -155 -44 -127 -160 -68 -114 -142 
-31 -104 -162 -40 -133 -144 -64 -121 -211 -44 -160 -164 -83 -113 -123 21 -101 -140 -30 -55 -108 -73 -112 -139 
-45 -130 -206 -15 -91 -181 -42 -90 -178 -69 -97 -190 -73 -91 -170 9 -99 -203 -52 -110 -189 -48 -150 -212 
-70 -144 -225 -48 -160 -229 -29 -137 -207 0 -141 -176 -49 -156 -172 -60 -144 -163 -54 -120 -101 -5 -135 -164 
0 -159 -184 -44 -178 -171 -33 -150 -122 -17 -122 -110 -78 -96 -127 -64 -104 -171 -10 -96 -172 -31 -195 -166 
-42 -189 -187 -12 -173 -265 -9 -179 -220 -33 -138 -202 29 -137 -145 -28 -153 -154 -34 -92 -92 -43 -144 -133 
-19 -123 -85 -26 -37 -73 -17 -89 -104 -15 -107 -143 -50 -113 -87 -73 -135 -97 -56 -159 -116 34 -138 -68 
-29 -80 -79 -9 -84 -134 -60 -79 -78 -76 -66 -79 -22 -30 -113 23 -112 -109 -23 -102 -171 -41 -118 -142 
-59 -97 -100 5 -72 -157 4 -98 -154 -68 -97 -141 -98 -132 -219 -46 -103 -206 11 -116 -181 1 -167 -200 
-166 -154 -168 -110 -107 -191 -52 -157 -170 5 -127 -233 28 -159 -238 -65 -129 -201 -119 -198 -185 -72 -190 -202 
-12 -214 -230 11 -171 -253 -61 -201 -193 -81 -119 -160 -70 -118 -184 -27 -104 -181 9 -63 -194 28 -86 -204 
-153 -72 -139 -149 -77 -177 -45 -119 -158 3 -81 -155 39 -93 -143 -26 -83 -175 -61 -52 -130 -90 -112 -146 67 -69 -134 38 -82 -120 -99 -64 -173 -129 -118 -142 -36 -89 -157 19 -99 -161 -19 -87 -162 -80 -110 -186 -45 -86 -185 -13 -116 -183 10 -84 -99 30 -121 -174 -68 -120 -112 -89 -79 -139 -56 -122 -183 -60 -132 -127 
-10 -94 -139 -16 -105 -123 -56 -104 -138 -26 -125 -143 -15 -73 -122 -28 -107 -134 -96 -92 -172 -46 -68 -172 
-49 -94 -178 -28 -76 -198 6 -132 -234 -19 -100 -183 -81 -35 -184 -140 0 -134 -78 -55 -248 21 -42 -187 
-83 -47 -205 -91 -95 -220 -130 -76 -187 -35 -67 -153 -19 -91 -152 9 -85 -138 -17 -73 -185 -141 -71 -149 
-25 -77 -184 -4 -107 -155 26 -85 -145 -59 -74 -92 -60 -32 -122 -67 -36 -89 2 -59 -176 -3 -61 -158 
-39 -68 -103 -47 -79 -134 -31 -103 -172 -51 -80 -165 -5 -93 -153 -18 -73 -131 -57 -51 -110 -152 -67 -178 
70 -62 -163 -22 -181 -173 -30 -114 -155 -37 -155 -163 -65 -169 -134 4 -132 -153 -26 -109 -139 -30 -90 -187 
-63 -123 -165 -94 -79 -210 -6 -140 -148 13 -122 -189 -45 -108 -184 -76 -150 -195 -58 -110 -189 -6 -95 -213 
7 -100 -167 -62 -74 -197 -70 -92 -101 -37 -81 -135 23 -57 -121 -82 -84 -140 -104 -95 -164 -61 -91 -151 
-34 -101 -137 -16 -73 -137 -21 -95 -95 6 -39 -76 -28 -5 -38 -70 -30 -46 -66 -7 -101 -3 -41 -119 
-39 -63 -146 -106 -78 -168 -74 -71 -120 -3 -70 -158 -27 -121 -181 -74 -95 -235 -46 -141 -280 -10 -134 -222 
-45 -174 -163 -85 -158 -118 -52 -138 -133 -25 -129 -139 41 -134 -134 9 -165 -134 -48 -183 -142 -95 -171 -170 
46 -145 -102 16 -89 -114 1 -9 -100 -106 -90 -99 -66 -86 -156 -66 -148 -150 28 -99 -198 47 -147 -179 
-24 -112 -94 2 -69 -129 -21 -145 -214 -71 -120 -86 -96 -120 -154 -24 -58 -112 -23 -133 -163 -28 -66 -134 
-31 -72 -114 -29 -87 -120 0 -101 -123 -34 -116 -63 -57 -66 -108 -79 -89 -88 -21 -76 -145 -41 -92 -118 
-29 -66 -155 -60 -76 -142 -84 -103 -175 -10 -91 -139 -5 -105 -150 -56 -111 -163 -155 -99 -134 -73 -132 -222 
8 -123 -151 -1 -106 -170 -88 -164 -142 -23 -136 -174 -62 -143 -159 -33 -112 -122 -71 -156 -129 13 -113 -134 
-65 -158 -177 -63 -118 -108 6 -154 -143 4 -98 -146 -43 -130 -140 -65 -140 -203 -58 -122 -193 -21 -112 -145 
-54 -111 -158 -26 -80 -141 -17 -117 -168 -40 -2 -132 -48 -117 -95 -64 -82 -114 -64 -130 -177 -32 -77 -88 
-3 -109 -89 -37 6 -71 -43 -45 -65 -67 -62 -122 -45 -34 -114 -42 -60 -92 -62 -108 -148 -69 -62 -155 
-71 -33 -115 -63 -45 -119 -12 -95 -111 -42 -78 -170 -34 -94 -171 -34 -113 -210 -47 -127 -162 2 -135 -141 
-23 -79 -124 -59 -119 -164 -90 -108 -146 46 -112 -101 -15 -95 -92 -69 -80 -116 -56 -87 -160 -131 -91 -127 
-30 -158 -171 29 -125 -170 -8 -131 -120 -110 -137 -155 -72 -138 -144 -16 -98 -169 14 -153 -170 18 -127 -166 
-73 -103 -142 -71 -113 -150 -33 -92 -157 2 -71 -162 -14 -62 -124 -21 -109 -185 -103 -54 -161 -68 -86 -148 
-47 -55 -130 -51 -78 -156 -46 -75 -100 -80 -59 -133 -84 -84 -123 -30 -76 -140 8 -71 -150 -55 -97 -122 
-82 -71 -132 -27 -84 -174 -17 -49 -106 0 -84 -139 -69 -87 -164 -76 -81 -153 7 -68 -159 -6 -114 -161 
-145 -64 -140 0 -117 -143 6 -130 -160 -32 -121 -163 -77 -73 -126 -103 -84 -141 -7 -92 -123 15 -113 -96 
-97 -69 -102 -99 -101 -102 -12 -72 -93 33 -108 -108 -17 -112 -149 -85 -109 -139 -64 -72 -129 -23 -116 -143 
-44 -85 -168 -66 -50 -109 -69 -70 -135 -15 -50 -147 -13 -26 -136 -10 -39 -174 -65 -76 -185 -71 -54 -114 
-52 -28 -120 16 -39 -156 0 -37 -126 -107 -61 -153 -105 -79 -131 -38 -51 -112 -9 -111 -143 -36 -73 -127 
-13 -78 -133 -18 -86 -110 -51 -89 -111 -54 -67 -131 -23 -58 -158 -24 -88 -123 12 -63 -124 11 -106 -152 
-88 -108 -147 -61 -140 -163 -17 -112 -156 -68 -66 -105 -26 -147 -125 -71 -79 -155 -68 -102 -135 -13 -60 -171 
-38 -79 -111 -36 -81 -119 -58 -86 -125 -53 -128 -120 -72 -135 -166 12 -96 -142 48 -106 -131 -42 -98 -167 
-114 -147 -132 -30 -172 -160 3 -118 -191 4 -136 -230 -22 -109 -171 -23 -124 -192 -5 -132 -128 -69 -84 -131 
43 -70 -120 -22 -119 -144 -32 -27 -83 -31 -85 -100 -88 -66 -125 -68 -67 -84 -33 -45 -62 -10 -24 -85 
-36 -63 -113 -22 3 -49 -53 -32 -19 -98 12 -45 -16 -12 -55 -46 -25 -89 -47 -92 -197 -18 -96 -177 
-30 -95 -110 -24 -80 -107 -30 -108 -120 30 -98 -141 -35 -74 -143 -84 -50 -153 -82 -89 -170 -49 -83 -163 
-102 -141 -172 -107 -119 -162 -33 -103 -152 -9 -111 -139 -3 -120 -162 -96 -154 -137 -105 -203 -165 17 -159 -166 
14 -190 -162 -35 -183 -162 -66 -219 -196 -85 -203 -186 -23 -117 -183 65 -122 -134 7 -128 -135 -103 -94 -166 
-83 -165 -222 -25 -96 -153 -16 -89 -137 -94 -125 -116 -80 -178 -208 21 -102 -120 4 -122 -119 -58 -146 -81 
-59 -130 -99 36 -113 -77 -2 -89 -157 -28 -95 -129 -33 -57 -51 -74 -68 -50 -102 -66 -88 -17 -72 -145 
-18 -102 -139 -76 -93 -134 -39 -107 -150 -16 -120 -172 -61 -75 -147 -113 -81 -146 -11 -102 -126 -1 -110 -120 
-96 -160 -120 -68 -139 -156 -16 -183 -103 6 -156 -115 -66 -183 -98 15 -129 -77 -17 -165 -193 -74 -150 -164 
10 -144 -140 -39 -122 -101 -70 -131 -151 -39 -133 -129 -43 -81 -146 -3 -84 -117 -19 -73 -140 -69 -64 -150 
-66 -39 -136 -33 -56 -178 -75 -37 -105 -63 -94 -193 -64 -85 -111 -82 -107 -183 -64 -100 -161 -10 -89 -123 
-40 -131 -174 -53 -156 -181 -33 -69 -167 -72 -108 -149 -122 -93 -166 -73 -106 -116 20 -136 -228 25 -152 -195 
-107 -130 -214 -46 -139 -242 19 -124 -184 -23 -176 -226 -72 -125 -173 -106 -162 -235 -22 -144 -175 -44 -177 -179 
-105 -185 -165 -31 -98 -206 -89 -134 -161 51 -104 -164 5 -110 -173 -83 -123 -183 -125 -105 -168 -96 -146 -153 
55 -152 -184 -58 -149 -220 -77 -74 -208 -43 -103 -156 4 -54 -170 -22 -78 -208 -49 -77 -139 -19 -85 -175 
-93 -92 -195 -76 -60 -173 -97 -73 -186 -50 -37 -146 -22 -151 -240 -16 -76 -231 -55 -144 -215 -38 -155 -206 
-53 -167 -181 -19 -175 -162 -33 -198 -151 -23 -158 -146 -31 -162 -120 -51 -126 -171 14 -120 -138 -45 -150 -152 
-42 -68 -126 -55 -134 -176 -33 -152 -217 -79 -127 -191 -62 -190 -204 -52 -153 -203 -90 -129 -128 1 -145 -185 
0 -139 -197 -65 -145 -133 -117 -159 -121 -95 -171 -144 36 -112 -169 40 -147 -147 -43 -99 -204 -91 -159 -194 
-14 -154 -142 13 -97 -156 -49 -121 -141 -72 -86 -158 -20 -74 -158 -25 -109 -205 -72 -124 -166 -47 -70 -157 
-17 -61 -138 -60 0 -115 -48 -41 -109 -54 -35 -155 -62 -17 -185 -42 -124 -202 -54 -39 -148 -48 -102 -122 
-72 -104 -165 -19 -108 -222 -95 -150 -175 4 -112 -158 -17 -69 -91 -15 -123 -105 -78 -112 -122 -86 -33 -128 
14 -117 -222 -12 -111 -185 -3 -139 -153 -73 -82 -145 -66 -166 -196 23 -103 -170 -6 -93 -125 30 -100 -150 
-104 -96 -106 -97 -109 -129 -58 -94 -102 41 -99 -122 -19 -167 -131 -61 -116 -137 -88 -194 -152 -78 -133 -148 
31 -155 -121 -30 -179 -120 -63 -164 -181 -42 -156 -164 11 -122 -178 36 -183 -137 -16 -123 -136 -65 -79 -95 
-30 -96 -112 -8 -44 -83 13 26 -92 -83 -103 -133 -67 -94 -123 -48 -88 -59 -24 -52 -103 -41 -29 -94 
-33 -40 -91 2 -35 -92 -73 -23 -95 -61 0 -73 -42 -46 -82 -65 -83 -81 -1 -95 -182 -7 -49 -136 
29 13 -67 -47 -20 -110 -150 -21 -181 -24 -68 -223 -58 -58 -241 13 -99 -224 -8 5 -217 -79 -74 -233 
-61 -174 -258 23 -197 -235 -18 -125 -184 -69 -175 -173 -27 -144 -200 -71 -86 -192 -53 -134 -114 -37 -122 -196 
-133 -117 -187 -35 -217 -239 -10 -157 -219 -14 -229 -206 -26 -154 -199 -37 -159 -165 -16 -107 -184 -59 -134 -173 
-55 -112 -167 -37 -128 -123 -57 -108 -213 -54 -128 -179 24 -109 -220 -30 -120 -163 -57 -35 -120 -52 -80 -128 
-43 -57 -235 19 -83 -152 -27 -101 -209 -74 -41 -157 -118 -99 -187 -93 -91 -211 19 -100 -232 23 -97 -168 
-109 -47 -153 -90 -109 -127 -65 -139 -196 0 -73 -179 -8 -148 -209 -47 -149 -269 -126 -159 -189 -44 -164 -177 
9 -145 -134 -31 -88 -137 -40 -78 -195 -13 -58 -148 -38 -152 -194 -83 -102 -208 -68 -108 -204 -30 -148 -211 
-5 -110 -217 -50 -81 -158 -89 -115 -173 -44 -52 -127 -15 -123 -120 -35 -147 -199 -45 -220 -244 -75 -215 -238 
21 -218 -177 -8 -182 -173 -47 -161 -179 -39 -81 -174 -87 -148 -198 -8 -97 -251 14 -110 -251 -89 -105 -217 
-47 -119 -245 -10 -119 -214 8 -94 -241 -16 -121 -211 -77 -107 -262 -105 -150 -261 -72 -101 -236 9 -101 -175 
-35 -132 -218 -88 -98 -180 -90 -120 -176 -67 -137 -211 56 -68 -198 -102 -116 -256 -109 -90 -281 -79 -104 -179 
-11 -68 -190 -38 -52 -176 -48 -69 -236 -42 -120 -261 -110 -151 -294 -24 -152 -312 -13 -130 -225 -8 -141 -230 
-21 -163 -213 -60 -142 -203 -41 -173 -195 -37 -118 -161 16 -112 -170 -22 -102 -197 -85 -153 -204 -86 -83 -179 
-2 -129 -199 -76 -124 -137 -91 -150 -212 -60 -113 -201 -5 -149 -268 29 -111 -233 -33 -204 -213 -43 -132 -213 
-46 -104 -213 13 -123 -176 38 -96 -208 -5 -61 -219 -88 -119 -198 -91 -99 -221 -32 -102 -203 2 -70 -182 
-83 -42 -210 -108 -84 -179 -8 -124 -201 -8 -120 -210 -14 -84 -184 -88 -150 -167 -105 -81 -168 -52 -106 -200 
-6 -86 -212 -43 -72 -206 -110 -124 -238 -76 -118 -232 -44 -111 -171 24 -121 -252 18 -139 -199 -4 -180 -241 
-34 -201 -184 -24 -167 -206 -6 -168 -215 3 -150 -178 -21 -85 -201 -51 -106 -167 -48 -138 -187 -47 -142 -166 
-34 -197 -159 9 -153 -115 24 -144 -102 -28 -128 -104 -66 -92 -190 43 -64 -190 -13 -32 -114 -178 -63 -157 
-50 -89 -141 12 -103 -203 15 -181 -267 -3 -100 -317 -21 -175 -244 10 -192 -238 -5 -143 -192 0 -114 -187 
-99 -66 -167 -49 -102 -236 -3 -69 -218 17 -56 -211 -104 -92 -195 -115 -123 -168 -79 -104 -206 -60 -113 -204 
2 -159 -227 18 -109 -188 -60 -135 -180 -110 -111 -203 -120 -81 -124 -52 -123 -210 20 -119 -220 -8 -125 -212 
-58 -108 -177 -75 -113 -126 5 -117 -207 23 -115 -174 14 -91 -168 -46 -101 -165 -70 -107 -202 -66 -115 -224 
-42 -118 -147 -61 -140 -145 -25 -95 -162 25 -87 -120 -32 -64 -118 -67 -108 -172 -48 -32 -101 -58 -129 -122 
-17 -52 -107 -25 -72 -118 -64 -77 -152 -77 -87 -144 -46 -89 -159 -45 -119 -200 -58 -103 -185 -64 -155 -211 
3 -114 -192 -2 -81 -123 -48 -47 -140 -98 -54 -146 -46 -140 -158 -6 -47 -166 -44 -101 -217 -53 -63 -145 
-55 -82 -132 -24 -47 -147 -56 -72 -139 -93 -104 -165 -26 -99 -144 -12 -140 -141 -37 -124 -188 -56 -90 -133 
-36 -121 -101 53 -102 -120 -29 -71 -112 -78 -70 -159 -42 -87 -176 17 -57 -153 -27 -102 -157 -93 -122 -173 
-25 -83 -165 -1 -106 -155 -24 -65 -157 -85 -59 -144 -41 -81 -184 -73 -94 -160 -76 -132 -168 9 -132 -161 
-28 -99 -120 -41 -93 -136 -75 -81 -120 -74 -129 -176 -49 -82 -171 23 -126 -202 -29 -125 -210 -63 -131 -188 
-7 -124 -219 -45 -104 -253 -35 -167 -251 -16 -145 -227 -14 -115 -212 -28 -149 -229 -39 -113 -224 -43 -15 -202 
-91 -69 -234 -97 -60 -230 -71 -108 -239 -72 -124 -227 -2 -31 -215 -17 -183 -213 -47 -197 -254 -96 -212 -215 
-50 -185 -154 -29 -157 -168 14 -80 -173 -8 -142 -160 -1 -111 -174 -135 -101 -183 -55 -111 -217 17 -142 -273 
3 -86 -217 -67 -174 -248 -49 -95 -219 -18 -141 -203 -28 -112 -201 -34 -136 -193 -47 -108 -166 -63 -102 -150 
-38 -116 -156 -6 -120 -129 -33 -139 -194 -37 -176 -150 -34 -140 -164 -10 -137 -90 8 -152 -107 3 -126 -163 
-52 -128 -150 -13 -87 -82 19 -87 -168 -10 -16 -146 -30 -49 -108 -59 -30 -122 -51 -25 -95 0 -4 -129 
-73 26 -132 -92 -1 -191 -78 -37 -232 -51 -102 -188 -35 -48 -171 -60 -26 -149 -37 -15 -153 -33 -81 -189 
-55 -86 -170 -16 -67 -150 -30 -77 -133 -108 -17 -160 -59 -65 -152 -34 -68 -143 -27 -67 -145 -54 -25 -146 -74 -91 -155 -16 -32 -153 -1 -41 -146 -54 -47 -160 -40 -49 -188 -27 -87 -211 -59 -57 -168 -73 -91 -186 
-60 -80 -177 0 -65 -146 -42 -74 -165 -93 -117 -184 -121 -103 -165 -21 -121 -149 -8 -130 -183 -71 -173 -146 
-18 -143 -154 -49 -108 -128 -34 -106 -150 -61 -102 -188 -24 -129 -173 0 -188 -225 -27 -122 -164 -4 -174 -195 
-27 -94 -137 -73 -83 -100 -71 -82 -175 20 -68 -164 20 -39 -146 -30 -57 -141 -64 -85 -146 -58 -51 -141 
-4 -54 -99 -29 -33 -120 -104 -20 -80 -92 -10 -84 -26 -20 -70 -30 -17 -145 -56 -61 -157 -70 -80 -178 
-40 -103 -170 -79 -109 -226 11 -116 -163 15 -98 -168 -61 -98 -173 -47 -108 -203 -45 -133 -239 -10 -118 -267 
-34 -172 -252 -75 -122 -233 -18 -182 -265 -38 -158 -225 -12 -138 -186 -22 -154 -181 -84 -152 -177 -37 -115 -155 
-30 -143 -180 -20 -132 -175 -31 -149 -195 -69 -152 -181 -53 -109 -221 -59 -172 -224 8 -92 -246 -42 -114 -177 
-40 -103 -216 -47 -106 -227 -34 -110 -225 -40 -81 -228 -25 -110 -278 -49 -76 -271 -25 -46 -186 -30 -118 -239 
-69 -65 -196 -62 -85 -206 -33 -53 -199 17 -73 -172 -44 -73 -196 -98 -57 -211 -83 -111 -167 -18 -86 -206 
-11 -73 -145 -55 -53 -182 -109 -68 -157 -82 -37 -231 -43 -65 -187 6 -38 -223 -37 -60 -193 -89 -117 -275 
-63 -110 -221 -33 -114 -304 -34 -147 -300 -36 -133 -279 -27 -169 -261 -77 -147 -279 -86 -127 -229 -54 -166 -280 
-76 -140 -218 -60 -135 -230 -54 -195 -252 50 -168 -172 38 -213 -200 -42 -130 -254 -110 -205 -181 20 -154 -252 
12 -85 -172 -89 -93 -188 -70 -29 -141 -89 -38 -173 -8 -96 -176 -14 -111 -251 -13 -79 -218 -80 -118 -228 
-23 -167 -255 -9 -90 -166 -57 -65 -219 -51 -38 -190 -22 -118 -162 -20 -81 -196 -29 -72 -164 -68 -58 -146 
-57 -137 -198 -35 -144 -188 -46 -90 -172 -28 -73 -149 -44 -94 -148 -55 -5 -143 -35 -5 -151 -56 -78 -169 
-38 -78 -214 -56 -91 -196 -22 -113 -226 2 -138 -211 -33 -113 -221 -54 -88 -181 -38 -140 -264 -64 -114 -209 
-52 -99 -156 -44 -169 -229 -37 -109 -225 -43 -199 -210 -32 -107 -197 -51 -177 -190 -33 -166 -201 -60 -155 -217 
-15 -200 -223 56 -156 -219 22 -174 -247 -56 -197 -225 -75 -244 -230 -66 -103 -230 10 -131 -207 0 -120 -180 
-41 -106 -182 -80 -119 -184 -55 13 -114 -21 -56 -138 -5 -78 -106 -26 32 -126 -133 -13 -94 -103 -62 -158 
4 -22 -110 8 -27 -108 -48 4 -128 -35 -18 -80 -56 -14 -164 -50 -50 -98 -60 -72 -175 -31 -56 -129 
-28 -37 -126 -33 -15 -115 -30 -33 -138 -36 -56 -152 -24 -15 -141 -25 -51 -149 -23 -43 -168 -19 -12 -120 
-96 -65 -185 -88 -68 -196 -38 -67 -145 -14 -41 -150 1 -78 -142 -111 -39 -146 -75 -65 -155 -31 -83 -167 
-34 -131 -177 -70 -122 -158 -87 -110 -189 -65 -85 -163 8 -87 -143 27 -102 -147 2 -106 -167 -77 -75 -146 
-39 -75 -119 -14 -42 -135 15 32 -122 -24 -27 -127 -80 70 -123 -25 -71 -165 -57 -19 -128 -96 -59 -166 
-71 -8 -93 43 -12 -147 8 36 -124 -83 2 -104 -154 -12 -116 -99 -16 -132 -21 -61 -188 -58 -124 -215 
-1 -84 -131 -58 -57 -137 -38 -58 -100 -40 -44 -120 -11 -52 -185 -51 -96 -206 -77 -103 -234 -1 -128 -221 
-69 -125 -164 -62 -155 -237 -20 -158 -190 -36 -120 -190 7 -93 -134 -55 -131 -177 -97 -89 -178 -54 -119 -127 
-62 -123 -147 -42 -72 -192 -66 -136 -137 -41 -105 -164 -32 -138 -171 -71 -134 -198 -56 -107 -209 37 -169 -201 
-44 -106 -193 -78 -107 -143 -12 -64 -155 19 -29 -158 -28 -41 -145 -80 -56 -212 17 -29 -149 -20 9 -148 
-78 3 -111 -124 -28 -169 -48 -35 -118 -25 -69 -169 -44 -32 -173 -18 -104 -177 -70 -96 -138 -95 -75 -142 
-27 -126 -129 16 -63 -105 7 -85 -118 1 -66 -94 -28 -36 -110 -37 -83 -82 -24 -49 -151 -33 -102 -109 
-36 -67 -161 -9 -75 -150 8 -31 -116 -52 -49 -145 -76 -49 -175 -88 -43 -149 -56 -45 -152 -3 -91 -160 
-17 -72 -195 -86 -43 -163 -57 -78 -177 -106 -81 -127 -87 -91 -185 -36 -83 -181 -21 -114 -184 -53 -107 -211 
-88 -30 -186 -34 -70 -207 -40 -128 -209 -35 -32 -229 -35 -129 -226 -59 -65 -221 -55 -59 -255 -91 -72 -219 
-41 9 -181 -64 -46 -159 -55 -49 -141 -63 -43 -132 -62 -8 -136 -52 -9 -139 -51 -13 -129 -77 -30 -145 
-39 0 -129 -83 -101 -150 -54 -62 -148 -14 -39 -133 -21 -66 -160 -46 -45 -128 -8 -34 -135 22 -5 -136 
-25 -38 -185 -53 -72 -160 -27 -55 -150 -107 -139 -232 -79 -40 -199 11 -83 -160 -50 -60 -174 -45 -83 -157 
-74 -45 -179 -25 -73 -192 20 -35 -177 -95 -93 -146 -94 -107 -145 -72 -147 -174 -42 -150 -187 -1 -160 -195 
-16 -127 -170 -23 -102 -170 -21 -88 -197 -90 -127 -144 -78 -48 -204 -21 -70 -177 -23 -25 -210 -30 -130 -252 
-64 -99 -207 -82 -39 -172 -65 -26 -172 15 -20 -157 -27 -34 -178 -39 -74 -213 -72 -76 -158 -53 -71 -136 
-22 -25 -124 -47 -60 -184 -97 -66 -183 -22 -69 -213 18 -79 -207 -78 -51 -198 12 -127 -210 -107 -86 -150 
-28 -144 -226 18 -119 -230 4 -92 -263 -23 -122 -205 -88 -163 -223 -25 -100 -184 24 -141 -163 -34 -105 -239 
-104 -133 -198 -62 -142 -163 9 -93 -188 -26 -132 -198 -99 -142 -172 -22 -120 -144 -34 -175 -181 -2 -129 -179 
-90 -99 -153 -94 -144 -192 36 -117 -144 28 -180 -142 -24 -88 -199 -43 -50 -120 -37 -4 -107 38 -19 -80 
-56 -12 -104 -85 -21 -147 -33 -5 -204 -35 -19 -94 -34 -16 -133 -47 -16 -119 -45 -6 -125 -74 -27 -131 
30 -18 -91 -51 33 -85 -3 32 -106 -133 108 -61 -103 17 -94 -85 -16 -109 7 -3 -140 -61 -15 -100 
-14 9 -129 -21 -14 -136 -90 -29 -180 -77 -14 -144 -28 -12 -160 -40 -12 -138 -58 -11 -169 -115 -70 -190 
-69 -68 -235 -36 -60 -215 -56 -94 -188 -93 -171 -141 -79 -153 -165 44 -112 -120 -13 -153 -131 -4 -178 -61 
-15 -126 -103 -69 -151 -127 -41 -36 -50 -1 -20 -110 5 -22 -110 -51 0 -35 -92 -73 -78 -84 -31 -116 
-15 0 -141 1 -20 -129 -15 -35 -129 -73 10 -133 -60 17 -110 -77 -18 -72 -28 24 -56 0 63 -89 
-57 38 -104 -93 12 -60 -98 38 -42 -43 9 -106 -41 32 -78 0 32 -79 -56 16 -120 -111 26 -108 
-80 -21 -175 -52 -26 -120 14 -38 -191 -84 -45 -196 -89 -61 -139 -18 -51 -245 -12 -137 -192 -65 -161 -197 
3 -109 -159 24 -154 -159 -40 -114 -104 -44 -153 -142 -50 -129 -111 -25 -141 -139 -8 -129 -96 -1 -134 -135 
-47 -95 -87 -99 -118 -97 -91 -114 -105 -68 -125 -130 9 -150 -181 11 -123 -168 -22 -118 -177 -71 -148 -129 
-40 -76 -144 -10 -129 -105 -26 -43 -193 -29 -13 -127 -3 -66 -108 -50 16 -90 4 -8 -82 -137 41 6 
-23 0 -75 -3 67 -57 -8 19 -47 -27 0 -58 -78 -30 -108 -71 10 -45 -40 25 -59 -17 -7 -82 
-7 -4 -79 -102 -32 -71 -49 1 -42 -51 23 -61 46 -3 -39 1 -2 -120 -46 -2 -114 -56 -69 -126 
23 -24 -121 -38 -27 -71 -40 11 -113 -65 16 -90 -25 6 -117 -45 45 -112 3 6 -111 -88 -29 -120 
-22 -68 -148 -63 -49 -142 -23 -70 -158 -87 -36 -165 -43 -129 -166 -59 -44 -88 -62 -127 -131 -10 -83 -180 
-55 -71 -154 -17 -63 -129 43 -6 -128 -40 -36 -127 -105 -85 -179 -58 -77 -190 -46 -70 -196 -46 -105 -142 
5 -79 -160 -64 -102 -142 -127 -54 -126 -51 -78 -89 3 -46 -89 2 -62 -93 -89 -19 -119 -99 -63 -82 
-4 4 -70 -86 -51 -94 -53 -36 -118 -44 -81 -134 6 -60 -188 -36 -94 -180 -52 -70 -179 -89 -66 -157 
-47 -104 -192 13 -95 -152 -29 -71 -196 -18 -89 -181 -142 -124 -227 -65 -155 -217 -30 -139 -194 -49 -122 -207 
-41 -101 -129 -76 -148 -142 -73 -129 -131 -1 -89 -142 -20 -141 -147 -48 -109 -175 -27 -133 -196 -53 -105 -189 
-37 -188 -191 1 -131 -217 -36 -131 -187 15 -88 -195 5 -73 -142 -14 -83 -183 -97 -101 -153 -19 29 -75 
8 -32 -100 -61 -20 -103 -126 -32 -95 -67 -69 -157 -70 -90 -111 -6 -68 -83 7 -43 -74 -7 -59 -84 
-37 -63 -105 -54 -2 -112 -59 -54 -80 18 -41 -107 19 -25 -110 -64 -50 -130 -3 -93 -132 -58 -105 -163 
-67 -69 -124 0 -95 -116 7 -68 -156 -6 -86 -160 -26 -62 -153 -57 -105 -129 -91 -81 -140 -39 -98 -157 
-32 -112 -168 13 -118 -154 -68 -104 -167 -99 -73 -121 -22 -41 -133 -17 -36 -170 -79 -71 -132 -48 -63 -214 
-98 -61 -149 -62 -113 -179 -16 -71 -185 -7 -112 -214 -45 -123 -243 -52 -113 -228 -23 -101 -197 -52 -96 -200 
-62 -60 -171 -13 -35 -186 -30 -16 -160 -137 -95 -215 -32 -31 -135 5 -108 -149 -36 -98 -249 5 -181 -224 
-69 -118 -168 -58 -153 -148 -76 -92 -127 -4 -23 -135 -18 -12 -114 -42 -32 -139 -8 -38 -140 -74 -45 -153 
-50 -79 -180 4 -86 -183 -13 -132 -222 -19 -139 -167 -26 -156 -175 -23 -131 -116 -43 -81 -125 -23 -76 -114 
-42 -118 -172 -22 -124 -156 -54 -128 -119 -66 -120 -111 -46 -109 -63 -14 -103 -77 -7 -121 -87 -7 -103 -135 
22 -40 -87 -44 -31 -96 -91 2 -74 -51 1 -94 -62 -36 -146 -74 -30 -147 -22 -51 -182 -57 -83 -194 
-28 -52 -199 -80 -15 -134 -47 -35 -142 -28 -12 -217 -17 -33 -134 -58 -45 -221 -94 -35 -161 -102 -61 -158 
-28 -78 -185 -11 -20 -159 -34 -56 -138 -72 -23 -138 -83 -19 -150 -60 -12 -128 -5 -111 -164 -29 -26 -158 
-39 -50 -97 -49 -22 -109 -68 -11 -127 -20 31 -131 19 12 -112 -25 -97 -190 -160 -84 -166 -52 -52 -209 
-61 -101 -187 -50 -94 -172 -20 -114 -165 -61 -139 -135 -71 -97 -171 -80 -147 -177 -34 -93 -159 -36 -153 -198 
-48 -188 -129 -90 -133 -171 -87 -105 -130 -11 -150 -175 -6 -137 -166 -16 -105 -133 35 -75 -141 -26 -142 -190 
-73 -86 -149 12 -74 -189 65 -97 -102 18 -39 -127 -60 40 -65 -122 16 -93 -82 32 -133 -55 -42 -139 
54 -89 -116 -38 -28 -62 -65 19 -50 -54 -5 -51 1 -31 -65 1 0 -48 -39 21 -54 -50 61 -48 
-86 59 -55 -99 36 -62 -82 -7 -111 -16 -25 -118 16 -45 -125 -49 -32 -145 -31 -66 -144 -57 -70 -142 
3 -25 -134 -13 -43 -143 -52 -91 -206 -40 -40 -194 -17 -76 -143 -19 -38 -142 -51 -98 -158 -81 -66 -122 
-75 -88 -143 11 -53 -117 6 -49 -121 20 -60 -92 -103 -98 -136 -145 -62 -130 -46 -138 -147 -23 -67 -188 
11 -129 -149 -40 -67 -83 -79 -60 -131 -83 -79 -102 -1 -127 -99 -3 -39 -66 -20 1 -89 -33 46 -99 
-40 8 -114 -109 -11 -105 -85 -10 -92 -68 -9 -86 -56 24 -100 -91 -10 -104 -52 -29 -119 -30 -53 -117 
10 -64 -111 -28 -80 -112 -104 -36 -116 -48 -38 -97 -15 -25 -133 -15 -46 -95 -32 -9 -91 -60 -24 -63 
-58 -27 -160 -13 -40 -113 -22 -35 -164 -32 -54 -169 -59 -54 -162 -44 -43 -139 -88 -45 -154 -67 -33 -143 
-67 -69 -163 -53 -93 -204 -56 -138 -159 -86 -149 -160 5 -80 -172 -33 -129 -199 -80 -83 -163 -126 -135 -198 
-37 -186 -229 -51 -118 -215 -28 -136 -240 -87 -107 -199 -50 -42 -168 2 -112 -210 18 -79 -192 -51 -55 -146 
-63 -49 -100 -48 -13 -155 -80 -43 -154 -34 -68 -204 -85 -105 -176 -26 -47 -154 27 -75 -138 -64 -70 -131 
-107 -52 -117 -26 -126 -150 19 -40 -153 45 -90 -114 20 -46 -148 -113 -32 -118 -86 -74 -137 16 -115 -157 
-26 -58 -153 -83 -41 -130 -112 -71 -170 -71 -2 -151 -8 -92 -175 -28 -48 -189 -89 -37 -158 -72 -77 -182 
-80 -63 -205 -52 -86 -209 -49 -82 -204 -37 -116 -130 -49 -128 -179 -54 -132 -149 -56 -110 -172 -30 -84 -158 
-35 -65 -175 12 -67 -163 -48 -62 -183 -72 -20 -155 -45 -25 -155 -11 -10 -143 -24 -51 -159 -36 38 -196 
-105 -13 -159 -33 -47 -149 -1 -33 -141 -80 -47 -183 -74 -38 -121 -32 -39 -113 -43 -29 -88 -3 -25 -74 
-87 14 -96 -24 -24 -103 4 -39 -110 -49 -4 -80 -37 -20 -99 -42 9 -75 -36 6 -101 -57 -63 -140 
-19 -23 -130 -44 -93 -149 -71 -71 -138 -63 -79 -167 58 -64 -144 -37 -66 -158 -83 -44 -114 -17 -114 -105 
-103 -85 -109 -71 -47 -151 -29 -87 -126 37 -42 -164 -17 -75 -137 -92 -81 -140 -79 -138 -197 -64 -51 -189 
-23 -125 -245 0 -136 -212 -59 -150 -197 -40 -143 -201 -23 -136 -135 -12 -48 -146 16 -17 -107 15 -109 -192 
-90 -65 -134 -101 3 -93 -58 0 -84 -63 -2 -127 -42 23 -120 -30 -59 -177 -45 -75 -150 -70 -116 -169 
-29 -60 -100 -32 -101 -118 -33 -57 -108 -25 -63 -84 -58 -85 -143 -4 -53 -142 -1 -67 -156 -40 -108 -199 
-35 -106 -164 -29 -66 -173 -36 -104 -187 -25 -70 -224 -51 -185 -237 -57 -97 -258 33 -124 -173 -56 -135 -210 
-48 -160 -196 -22 -92 -145 -43 -138 -174 -45 -114 -194 -46 -136 -154 3 -87 -162 -31 -148 -158 -92 -109 -185 
-14 -93 -195 12 -79 -172 -20 -102 -172 -49 -98 -154 -80 -129 -161 -25 -86 -209 -35 -85 -202 -25 -76 -222 
-76 -66 -188 -99 -107 -166 -17 -4 -168 -10 -58 -140 -68 -53 -101 -39 -68 -122 21 -65 -95 -6 -114 -84 
-2 -15 -95 -57 16 -49 -62 5 -58 -61 -17 -51 25 -15 -60 -2 -7 -40 -61 11 -70 -96 18 -42 
-5 12 -92 3 39 -89 -5 23 -127 -89 -85 -194 -140 -19 -158 -132 -99 -195 28 -137 -231 48 -102 -214 
-75 -159 -238 -81 -184 -209 -7 -162 -219 -41 -159 -205 -89 -151 -236 -27 -137 -185 -50 -161 -201 -12 -112 -170 
-102 -194 -215 -115 -174 -157 39 -159 -144 26 -198 -170 -39 -162 -117 -78 -161 -142 48 -89 -141 37 -87 -133 
-93 -28 -104 -104 0 -90 -59 -43 -151 -80 -85 -143 -40 -110 -208 58 -95 -170 17 -62 -166 -28 -41 -148 
-86 -21 -170 -81 -63 -211 -45 -65 -182 -49 -24 -164 -60 -34 -149 -35 -66 -146 -1 -54 -150 -30 -75 -141 
-10 -26 -134 -57 -59 -107 -105 -62 -179 -56 -56 -139 -74 -33 -153 -39 -77 -166 -102 -41 -185 -22 -73 -183 
-68 -87 -177 -44 -98 -186 -28 -122 -168 -34 -134 -198 -16 -119 -213 -74 -147 -174 6 -106 -192 1 -126 -212 
-74 -146 -137 -60 -141 -165 -44 -125 -155 -11 -139 -172 -23 -143 -171 -22 -79 -146 -61 -130 -117 11 -140 -150 
-72 -98 -143 -83 -171 -165 -12 -100 -162 14 -95 -143 -11 -107 -140 -73 -87 -208 -119 -75 -184 -53 -114 -206 
-38 -95 -225 -29 -106 -226 -44 -66 -226 -31 -112 -229 -67 -141 -229 -32 -4 -194 4 -128 -244 -74 -78 -201 
-39 -50 -189 -23 -52 -182 -23 -52 -164 -13 -71 -155 -77 -37 -168 -96 -101 -137 -48 -72 -163 -62 -51 -156 
-80 -122 -210 -16 -72 -190 4 -83 -122 -35 -40 -117 -56 -54 -143 -32 -25 -107 -23 -76 -198 -27 -59 -229 
-119 -99 -226 -63 -53 -185 -2 -94 -195 -30 -78 -180 -52 -67 -194 -91 -105 -219 -22 -124 -212 -38 -96 -211 
-125 -90 -175 -70 -116 -208 -8 -107 -187 -40 -130 -191 -42 -142 -196 -4 -123 -173 -17 -136 -189 -99 -94 -214 
-10 -113 -174 -18 -122 -170 19 -73 -196 -71 -89 -176 -73 -91 -185 -85 -54 -239 -58 -94 -188 -30 -50 -187 -39 -92 -304 -47 -15 -154 -32 -46 -182 -81 -90 -137 -68 -82 -173 -4 -79 -160 -36 -87 -187 -50 -69 -165 -34 -88 -158 -42 -64 -139 -93 -25 -118 4 -86 -119 -5 -45 -139 -56 -27 -132 -108 -84 -194 -93 -53 -188 -9 -86 -177 -63 -30 -175 -8 -83 -126 -43 -85 -168 -12 -78 -155 -23 -63 -177 -65 -79 -184 -61 -56 -114 
-30 -95 -120 -39 -70 -158 -47 -78 -148 -35 -37 -150 -15 -50 -84 -66 -40 -117 -125 -86 -130 -48 -92 -173 
24 -64 -173 -59 -62 -146 -40 -112 -150 -35 -133 -174 -34 -71 -143 -45 -105 -179 -34 -67 -217 -1 -93 -191 
1 -87 -168 -105 -11 -139 -120 -48 -102 -15 -10 -84 -14 0 -139 -11 -11 -89 -55 0 -147 -70 29 -108 
-58 -8 -110 -28 -12 -142 -45 -28 -159 -44 -63 -182 3 -55 -171 -144 -37 -42 -81 -53 -174 -48 -105 -152 
2 -106 -193 -48 -86 -163 -86 -91 -187 -67 -127 -157 -1 -52 -157 10 -99 -153 -49 -80 -177 -105 -40 -199 
1 -124 -262 -39 -28 -150 -39 -98 -202 -50 -173 -238 -93 -101 -200 -95 -172 -234 -20 -79 -193 -26 -195 -185 
-75 -149 -177 -81 -166 -176 -56 -102 -152 -11 -151 -167 -10 -144 -132 -58 -91 -176 -26 -146 -181 -35 -152 -172 
4 -93 -148 -16 -151 -148 -12 -13 -73 -7 -63 -108 -115 -19 -118 -80 7 -145 0 -12 -149 -63 -9 -124 
-129 -14 -183 -98 -58 -159 -61 -65 -159 5 -77 -153 -38 -113 -180 -61 -63 -153 -46 -82 -135 -46 -59 -104 
-15 -78 -146 -99 -35 -182 -54 -70 -174 -106 -40 -162 -51 -32 -133 45 -56 -190 -26 -99 -194 -83 -84 -186 
-30 -154 -199 -56 -72 -176 -17 -91 -170 -31 -129 -203 -42 -78 -122 -59 -119 -160 -84 -120 -115 -28 -90 -102 
-65 -66 -143 -41 -138 -172 -64 -91 -163 -15 -88 -148 -7 -139 -207 -97 -183 -236 -145 -140 -182 -44 -140 -158 
1 -114 -200 -40 -95 -207 -84 -111 -182 -46 -83 -168 -17 -43 -145 0 -82 -140 -55 -8 -126 -99 -43 -145 
-61 -54 -161 -7 -7 -120 -38 -78 -129 -69 -44 -154 -108 -57 -122 14 -77 -129 27 -52 -117 -26 -50 -85 
-119 -14 -110 -35 -76 -131 -4 -33 -134 -48 -58 -151 -34 26 -140 -42 -28 -87 -98 -10 -162 -97 -61 -162 
19 -68 -228 -43 -108 -181 -101 -51 -206 -70 -114 -210 -85 -105 -185 -11 -104 -153 -39 -133 -201 -20 -65 -188 
-100 -115 -209 -70 -115 -173 -20 -95 -152 16 -148 -161 -127 -144 -199 -134 -98 -210 -37 -102 -209 -6 -137 -212 
-44 -151 -162 -67 -109 -208 -51 -65 -180 -32 -80 -152 -2 -81 -146 -55 -52 -176 -57 -57 -152 -74 -89 -187 
-61 -62 -143 26 -78 -159 -20 -65 -145 -86 -46 -160 -99 -69 -129 -76 -65 -153 -35 -75 -138 -11 -54 -177 
-74 -77 -182 -80 -106 -158 -51 -56 -134 -11 -18 -130 -23 -4 -144 -59 -34 -212 -133 -24 -182 -90 -113 -248 
-67 -95 -216 47 -96 -270 -42 -210 -265 -58 -121 -243 -104 -172 -268 10 -190 -277 28 -192 -249 -61 -201 -235 
-104 -185 -247 -82 -168 -213 -64 -158 -199 31 -203 -222 -60 -158 -276 -118 -169 -218 -19 -151 -249 1 -193 -266 
-83 -175 -246 -70 -126 -201 -3 -75 -225 0 -73 -215 1 -65 -206 -46 -65 -182 -42 -25 -246 -71 -80 -152 
-61 -34 -209 -36 -95 -223 31 -97 -133 -62 -95 -173 -99 -29 -155 -38 -49 -85 -8 -13 -139 -21 0 -99 
-62 -3 -166 -101 -71 -214 -73 -66 -230 -23 -68 -155 -11 -52 -121 -56 -15 -136 -127 -34 -144 -100 -11 -147 
18 -62 -215 78 -40 -197 -43 -96 -334 -72 -163 -317 35 -186 -307 21 -154 -290 -13 -130 -254 -90 -80 -235 
-1 -157 -238 -39 -144 -249 -73 -118 -245 -43 -117 -194 -12 -149 -212 -5 -170 -190 -50 -159 -210 -29 -157 -199 
-23 -122 -199 21 -150 -189 21 -152 -206 -22 -124 -196 -24 -127 -150 -7 -122 -186 -29 -70 -109 -46 -109 -146 
-30 -14 -164 -102 -56 -171 -47 -16 -147 10 -59 -104 -15 -12 -85 -121 -30 -126 -88 -34 -125 -17 -61 -114 
-11 -33 -89 -73 -46 -78 -120 -38 -71 -71 -7 -95 20 -17 -90 19 -6 -88 -101 -12 -113 -115 -61 -119 
-24 -85 -152 1 -109 -141 -71 -123 -146 -41 -75 -145 70 -73 -124 20 -75 -166 17 -75 -148 -24 -60 -167 
-85 -73 -131 -79 -63 -124 -73 -77 -181 -16 -122 -205 -15 -118 -213 -68 -73 -125 -123 -97 -211 -76 -31 -182 
-35 -133 -217 -56 -86 -146 -38 -124 -196 -39 -149 -231 -36 -175 -211 -14 -166 -239 -26 -121 -232 -72 -122 -255 
-54 -127 -243 -80 -103 -306 -69 -50 -255 -40 -129 -297 -42 -80 -235 -9 -119 -200 -87 -62 -218 -60 -30 -205 
-34 -88 -176 -48 -99 -193 -103 -83 -240 -36 -58 -203 -6 -30 -189 -30 -78 -217 -121 -26 -206 -87 -77 -212 
-59 -63 -272 -11 -98 -279 -29 -84 -285 -10 -90 -271 -77 -157 -225 -25 -82 -224 -57 -142 -228 -55 -108 -194 
-28 -60 -206 -22 -120 -201 -52 -107 -263 -45 -84 -204 -13 -98 -229 36 -33 -139 -115 -57 -267 -170 0 -155 
0 -136 -278 -34 -73 -235 -47 -129 -226 -36 -146 -251 -29 -124 -237 -21 -154 -251 -2 -101 -263 16 -137 -203 
-76 -72 -260 -88 -106 -224 -25 -102 -180 -4 -32 -183 -62 -27 -169 -84 -68 -167 -55 24 -240 24 -55 -187 
-12 -52 -195 -117 -69 -191 -114 -101 -191 -40 -35 -175 -15 0 -119 -56 -2 -129 -123 -2 -213 -68 -36 -225 
-86 -116 -288 -39 -122 -279 2 -144 -206 -45 -73 -188 -50 -136 -231 -33 -159 -218 -23 -156 -185 -10 -127 -174 
-73 -163 -157 -53 -153 -142 24 -148 -149 -23 -96 -138 -57 -141 -142 -13 -122 -138 -25 -113 -115 -100 -43 -119 
-74 -92 -159 8 -83 -132 -15 -98 -198 -81 -57 -190 -132 -107 -205 -101 -129 -250 2 -88 -253 43 -150 -261 
14 -133 -226 -64 -159 -163 -66 -77 -193 -11 -54 -194 -3 -38 -224 -8 -174 -232 -52 -47 -197 -63 -74 -148 
-73 -53 -192 -32 -74 -186 -3 -58 -159 -60 -122 -187 -84 -55 -184 -42 -86 -146 -55 -80 -156 -43 -72 -141 
-15 -82 -161 -44 -36 -211 -73 -70 -123 -66 -73 -220 -17 -73 -184 21 -88 -221 -55 -118 -235 -68 -102 -215 
10 -120 -234 12 -66 -174 -24 -112 -242 -36 -72 -203 -67 -88 -151 -102 -94 -207 -113 -132 -183 5 -51 -197 
-37 -95 -188 -84 -97 -210 -83 -129 -255 -54 -94 -234 -31 -104 -236 -36 -126 -232 -71 -105 -233 -25 -145 -230 
-45 -130 -230 -58 -97 -218 -61 -86 -206 -16 -80 -203 -5 -45 -247 -41 -47 -211 -95 -84 -154 -51 -1 -146 
-57 5 -167 -27 -81 -257 -29 -58 -222 -63 -91 -215 -97 -90 -210 -74 -48 -180 -14 -107 -189 -22 -61 -190 
-87 -84 -194 -115 -69 -186 -32 -103 -202 -60 -112 -247 35 -107 -213 -16 -127 -152 -13 -56 -156 -73 -64 -155 
-37 -107 -166 4 -68 -164 -23 -90 -201 -61 -105 -212 -58 -172 -277 -38 -92 -186 -33 -137 -220 -32 -109 -171 
-77 -131 -212 -29 -117 -224 15 -104 -262 -28 -94 -160 -41 -129 -210 -79 -170 -162 -38 -172 -209 -20 -197 -228 
-17 -125 -158 -27 -140 -181 0 -88 -198 -97 -121 -248 -75 -132 -275 -53 -142 -237 -3 -147 -255 -11 -148 -231 
-60 -108 -243 -15 -49 -238 -38 -140 -292 -20 -158 -257 -44 -133 -222 -42 -116 -226 -33 -87 -225 -30 -110 -257 
-25 -100 -216 -62 -109 -219 -101 -119 -241 -37 -76 -233 7 -52 -155 -49 -124 -206 -93 -100 -247 -53 -124 -248 
25 -118 -201 -9 -100 -188 -35 -38 -174 -66 -32 -138 -17 -59 -241 -58 -104 -177 -15 -70 -253 -55 -109 -240 
-47 -103 -244 -32 -124 -215 -54 -73 -230 -44 -123 -237 -61 -127 -213 -38 -147 -160 -10 -111 -198 -44 -124 -196 
-70 -156 -209 -3 -124 -156 -1 -108 -193 6 -130 -169 -93 -119 -203 -101 -95 -165 -70 -128 -172 20 -97 -160 
-24 -57 -214 -49 -87 -200 -29 -66 -236 -37 -100 -195 -18 -96 -210 25 -96 -201 -7 -103 -193 29 -92 -221 
-63 -76 -183 -89 -63 -198 -51 -66 -145 0 -55 -153 -21 -61 -159 -5 -76 -143 -96 -37 -159 -38 -1 -122 
4 1 -160 14 -3 -133 -127 -40 -157 -180 -41 -144 -301 -45 -190 -66 -55 -195 77 0 -218 212 -196 -339 
196 -119 -366 -38 -117 -439 -145 -110 -399 -123 -90 -377 -48 -95 -287 -12 -152 -369 -31 -169 -278 -25 -151 -295 
-37 -238 -302 44 -183 -336 30 -218 -286 35 -136 -234 -33 -135 -253 -74 -155 -300 11 -167 -248 37 -95 -243 
-32 -108 -190 -34 -68 -257 -23 -130 -280 -82 65 -143 -127 -176 -337 -146 -153 -248 10 -145 -272 32 -58 -303 
-44 -168 -316 -52 -145 -269 -14 -162 -323 -9 -111 -299 -24 -163 -289 14 -150 -326 24 -183 -330 19 -156 -319 
-37 -139 -295 -38 -138 -275 -7 -180 -294 15 -97 -304 33 -133 -271 -30 -104 -355 -88 -92 -273 -34 -69 -323 
2 -99 -274 -4 -123 -290 -41 -63 -270 -97 -108 -244 -28 -113 -292 -6 -123 -231 18 -131 -243 -12 -104 -273 
3 -87 -211 0 -144 -241 0 -89 -263 -24 -123 -224 -13 -97 -230 -38 -107 -257 -21 -151 -233 14 -72 -242 
-58 -90 -227 -1 -111 -259 -56 -94 -228 -36 -124 -340 -42 -135 -257 -45 -108 -275 -18 -123 -235 -11 -120 -268 
-53 -129 -282 -36 -87 -220 -40 -127 -266 -39 -91 -243 -27 -109 -230 -37 -143 -264 -36 -154 -260 -29 -116 -239 
-18 -141 -265 -41 -167 -271 20 -95 -262 3 -156 -249 -16 -133 -251 -35 -59 -215 -44 -83 -221 6 -61 -264 
15 -97 -212 -43 -20 -210 -57 -45 -237 -39 -46 -214 -22 -13 -155 0 -3 -230 0 -23 -196 -90 -49 -256 
-60 -3 -213 -28 -1 -187 13 29 -200 -13 -24 -258 -101 -43 -285 -60 -31 -217 -44 -5 -133 -7 -92 -255 
-46 -41 -303 -42 -133 -313 -57 -103 -308 32 -148 -241 -52 -129 -316 0 -143 -253 34 -125 -226 5 -111 -262 
-68 -112 -252 -35 -130 -259 -17 -166 -257 -32 -140 -265 -34 -130 -256 26 -113 -231 -5 -120 -210 -58 -133 -221 
-24 -113 -216 0 -121 -219 -21 -104 -201 -43 -128 -202 -34 -101 -185 -33 -105 -199 -41 -103 -214 -36 -101 -234 
-23 -156 -238 -9 -142 -260 13 -183 -249 -21 -106 -238 -18 -104 -198 3 -85 -207 -59 -89 -211 -20 -76 -212 
-28 -73 -246 -28 -124 -305 -9 -109 -295 -58 -83 -274 -64 -85 -264 -23 -39 -242 -11 -112 -218 -5 -61 -256 
