0 -35 21 -67 -12 76 -32 39 105 53 26 72 -32 13 89 -56 21 90 -2 43 109 57 67 106 
-87 -64 8 24 -52 56 50 -5 33 -110 -14 129 -3 132 208 4 102 55 0 0 170 102 70 6 
-141 45 223 -120 34 72 -132 -104 -109 74 -74 -28 332 139 119 29 49 1 -270 0 251 -133 80 99 
-34 59 131 -357 -125 350 114 103 20 333 69 -4 250 0 -95 -431 -176 212 -81 153 262 122 136 95 
-566 -9 536 101 142 264 488 16 -68 -69 -47 82 -256 77 286 87 33 49 322 -29 -101 108 27 47 
-186 15 198 -162 -55 131 43 4 51 111 68 211 53 26 167 -72 -62 156 -85 -129 33 48 -79 36 
82 69 94 -8 3 74 -105 7 189 -41 44 118 -37 -21 171 -30 -34 141 46 -59 62 53 -36 27 
-14 26 127 -32 28 183 14 52 146 3 26 147 -10 18 63 5 -9 46 -18 71 92 5 71 85 
-42 124 128 -33 86 165 -70 51 184 -21 30 156 -12 -22 80 30 8 75 -16 9 46 -39 8 100 
32 48 88 -7 42 113 -2 -1 101 10 -16 37 3 -58 54 -30 -44 22 51 0 -6 -32 -63 23 
-24 -7 42 -2 -64 22 22 -28 34 27 -8 46 -56 -11 88 -23 43 140 12 15 100 -24 -6 81 
-3 17 2 -25 106 95 -42 97 93 45 35 -9 64 58 -17 -36 105 -66 -188 67 -6 -152 86 -12 
-15 137 75 -38 139 71 -56 64 33 -34 55 2 -31 72 13 -55 73 32 -43 86 52 -12 18 44 
15 53 -13 -23 29 -12 -12 6 27 -29 9 2 -30 -12 -10 -23 37 -28 -69 21 31 51 -43 13 
-71 30 -91 41 32 -27 55 24 -18 -109 0 5 -131 35 8 -10 88 16 21 77 26 -21 68 24 
-49 39 29 -48 30 15 -83 105 40 94 33 76 -24 103 80 5 89 97 -10 77 92 -89 50 123 
-30 54 95 -9 33 102 27 26 127 38 75 112 -79 -15 127 2 23 117 5 64 114 -11 45 101 
15 -4 106 16 -10 63 -11 -35 71 -8 -27 -1 26 -13 3 -37 0 51 -67 12 123 -37 -3 129 
-2 -62 68 49 -16 66 82 -1 96 0 0 99 -61 -24 107 -28 9 10 52 55 50 -19 56 69 
-23 33 67 -99 56 87 -126 73 109 -75 69 119 28 24 41 11 -83 56 0 19 70 -50 19 88 
-65 90 162 4 -14 103 75 -49 17 77 -101 63 -2 -32 72 21 37 116 -6 5 158 0 -77 35 
41 -61 -13 -2 29 50 -44 -7 123 40 5 63 -46 -35 82 -34 -30 76 -4 -35 74 11 -7 55 
4 0 88 -32 -7 104 15 14 47 26 20 11 0 16 12 -50 11 56 -50 45 105 -36 40 51 
79 91 113 55 40 55 -111 29 71 -116 -7 41 -36 -31 44 34 61 88 17 12 27 -10 -34 60 
26 14 22 -24 5 76 -91 -26 82 18 -36 30 79 -17 18 59 -27 36 -44 -71 -9 -8 -48 32 
2 -25 37 7 -30 48 3 -20 58 -1 -3 61 -22 -5 71 -9 -14 95 29 -57 45 -25 17 61 
14 76 -4 -19 -48 -55 -48 57 120 -25 47 -7 -26 50 33 -42 56 81 -104 59 36 36 35 160 
27 -59 80 -65 13 83 28 -15 72 17 -61 -57 41 -27 -70 -25 30 98 -16 5 87 -44 -119 -76 
12 -22 27 -39 -36 47 -106 -23 116 -61 61 85 30 15 58 60 -28 4 -28 -29 115 -52 -43 33 
58 -23 -34 -128 -6 92 -6 60 65 127 82 65 -6 12 67 19 -58 13 51 28 -5 -56 5 24 
-31 49 135 48 70 72 49 89 98 -106 102 74 -105 22 70 32 -17 80 -20 17 88 -105 15 145 
54 -49 1 24 50 79 0 -3 34 -61 19 72 -62 34 47 -1 114 214 11 68 221 -45 -57 48 
-15 91 90 56 47 0 -100 15 87 -84 -63 59 -31 17 23 -30 34 72 -2 132 157 114 62 10 
-136 -41 -24 -100 57 93 -39 107 47 43 111 69 -20 43 64 -173 89 128 45 54 18 29 91 113 
-24 70 1 -173 38 78 -55 44 -11 25 105 88 85 23 17 -195 31 67 -114 44 53 84 119 32 
-110 98 201 -21 87 112 128 25 44 -36 22 77 -176 -12 204 -62 -28 -56 29 49 64 59 93 109 
14 -88 -57 -157 -42 118 -63 11 76 84 -17 63 119 1 -40 -9 4 86 -103 -23 26 -53 12 56 
-36 68 73 -151 49 78 98 16 54 -171 -24 80 23 81 173 1 -77 68 51 -21 -140 -122 92 63 
103 -106 -102 -3 -51 -66 44 -24 8 -141 47 73 37 -6 19 63 -26 65 51 -97 -70 -43 -167 -76 
51 -63 -51 157 -32 -126 157 -21 -27 -48 -35 111 -96 -46 83 -76 -119 42 -108 -160 -19 -32 29 52 
272 74 26 23 30 26 -229 -87 66 -71 -2 39 -40 55 50 -214 97 244 102 119 79 131 -68 -10 
-140 -7 242 -389 4 182 -283 -60 91 203 52 -77 302 91 -60 64 39 52 -142 4 276 -228 -92 275 
279 -191 -123 90 -150 6 106 -60 129 28 -118 34 -12 -115 58 119 -72 0 160 -120 -38 41 -146 -38 
-32 -41 0 -15 -71 -29 -39 -90 80 5 -84 26 58 -74 44 67 -74 74 -28 -86 116 107 -38 40 
-71 -104 82 -59 3 132 -21 59 86 13 56 111 58 -8 117 68 -27 78 -11 -57 104 -50 -61 116 
-52 -160 -20 23 -117 81 122 12 71 99 -25 115 44 -30 134 1 -99 170 29 -98 140 113 -111 116 
-105 -201 112 102 -95 15 216 -21 2 71 -72 8 -110 -162 108 -245 -229 181 -4 -127 56 291 -10 2 
47 -126 37 -46 -210 126 20 -94 112 131 -18 110 141 -36 82 12 -113 134 -71 -75 119 32 -65 95 
-31 -52 127 31 12 140 97 -41 78 1 0 126 -18 -37 157 -12 -67 113 93 -12 138 73 -27 99 
-64 -46 157 8 -54 122 150 -35 95 21 -52 77 -141 -57 96 -30 -30 98 82 -40 15 93 -26 55 
5 -16 97 -16 -46 124 -24 -56 191 84 -29 120 111 -19 140 -19 -48 78 -56 -62 140 -6 -31 102 
112 -28 91 34 -73 117 -71 -60 113 -32 -83 96 59 -31 62 48 12 129 11 -1 68 -73 -50 80 
80 2 81 30 -7 105 -98 -28 161 -98 -57 144 128 16 77 200 -32 9 50 -13 88 25 -12 244 
-229 -194 52 -233 -311 248 182 10 48 189 89 17 82 -120 90 177 -37 6 230 -21 -83 -75 -317 25 
-103 79 295 164 129 125 573 -110 -143 -147 -231 64 -308 -100 297 -319 -1 247 101 112 55 432 55 -106 
-27 16 152 -584 8 482 -204 70 361 171 34 -60 184 -82 64 -115 -68 143 -106 19 237 -43 3 79 
40 -33 96 41 -19 75 -29 -36 125 -36 32 181 -21 -4 246 24 5 191 46 -27 86 33 -56 143 
-11 -78 120 -35 -110 48 97 -48 50 96 -68 81 -37 -98 151 -22 -123 127 39 -134 50 88 -23 121 
-44 -79 184 7 -32 164 75 3 128 36 -9 150 -30 2 161 -35 21 175 -2 -41 108 32 -31 75 
-39 10 181 -40 8 179 -23 15 171 -2 34 193 33 29 171 -39 36 208 -2 11 186 20 -35 132 
-21 -18 157 28 -4 161 3 -27 143 38 -63 111 79 -75 31 -56 -96 116 2 -102 90 54 -124 82 
75 -97 47 84 -122 45 -17 -83 135 60 -54 109 -9 -54 111 25 12 219 71 -144 85 -1 -130 83 
85 11 118 -2 -28 108 -47 -11 139 8 -35 83 27 -10 157 -70 -41 135 -80 -37 114 65 -35 -12 
-36 21 179 -24 2 188 -5 -14 124 43 -51 88 44 -23 134 70 -19 112 -101 -118 89 -9 -106 48 
115 -43 34 166 -41 83 -32 -81 69 -56 -117 141 5 -88 71 55 -103 135 48 -102 105 90 -37 96 
-17 -69 99 22 -31 133 3 23 111 58 10 145 -72 -83 142 -91 -18 -11 -62 74 50 65 84 110 
17 95 309 -61 54 84 -63 -107 121 -190 46 150 165 -49 50 119 17 121 91 75 160 -64 -38 75 
-108 -116 146 30 -22 128 100 -35 127 61 -75 203 41 -20 142 158 -117 103 -48 -148 53 -72 -167 171 
87 -1 174 -21 -100 94 38 -133 167 117 -97 139 81 -26 160 19 -130 133 29 -71 179 91 -63 67 
-115 -107 156 26 -8 150 44 34 113 19 59 237 -117 -80 209 -100 -47 225 45 -17 142 121 -21 103 
-32 -38 149 -116 -116 169 -67 -118 199 127 60 96 157 20 161 85 -80 65 87 -132 129 20 -109 102 
-1 -196 95 58 -96 54 26 -129 123 85 -151 34 53 -92 56 43 -146 150 -38 -213 17 34 -49 97 
73 -98 55 -6 -99 120 -7 14 203 105 19 175 -86 -44 161 -107 -75 270 1 -73 51 -50 29 80 
87 18 111 92 25 100 -20 -28 98 -70 -4 208 -12 -33 145 9 -67 147 10 -70 97 99 -37 70 
4 -25 176 33 -103 122 75 0 96 55 -59 132 27 -164 71 54 -127 86 43 -97 62 14 -82 125 
20 -125 100 58 -116 60 72 -77 89 -32 -145 118 57 -139 95 40 -134 79 100 -43 95 39 -40 101 
-43 -56 42 119 -81 -30 42 -22 71 0 24 235 -20 -117 74 -62 -158 82 65 -86 95 73 -28 24 
-109 64 184 -33 0 210 -16 -43 105 35 -3 156 -43 -79 132 -7 -48 105 98 16 113 -6 -18 104 
-56 -129 131 35 -97 40 83 -67 24 91 -31 35 0 -74 88 -77 -71 138 25 -84 100 53 -52 82 
-23 -19 124 -26 -11 153 39 -5 106 71 -28 135 -15 -47 105 45 -16 34 -1 -29 121 26 5 138 
-34 -11 20 -36 38 70 -14 21 113 -61 39 114 43 26 143 38 20 68 16 -15 3 -153 -67 122 
-15 24 131 60 7 -42 3 -42 79 117 -110 -55 147 -78 -159 -96 -90 60 -96 18 99 -3 -30 58 
43 -4 56 54 -92 -21 -101 -37 145 -17 33 105 33 -50 3 -27 25 141 -24 -6 96 35 -40 59 
37 1 136 -36 -15 39 -18 0 93 -47 -7 101 -31 51 128 3 104 177 -74 42 126 -78 22 151 
104 10 38 128 -38 147 -84 -21 182 -9 5 186 109 36 130 24 -17 169 26 4 177 60 -65 119 
-42 -17 208 45 -63 145 71 -35 130 0 -56 158 10 -42 120 110 -93 51 -97 -92 151 -42 -41 168 
72 -6 142 87 6 148 -8 -31 131 -79 -23 161 0 0 130 -4 -3 97 2 70 162 -17 28 137 
7 141 209 -40 131 265 -106 22 53 36 -12 154 -12 24 154 31 33 94 -52 -46 142 23 11 132 
21 -94 13 -220 12 314 -2 25 137 101 -83 46 40 -117 34 1 -67 62 32 -19 70 -55 -91 101 
104 13 49 -13 -137 19 -140 -58 101 -24 7 119 100 50 113 91 71 86 -141 -28 123 -114 60 156 
78 28 53 -33 -49 -21 -2 156 163 39 157 62 -291 28 132 -64 168 212 70 124 69 -57 34 63 
-175 125 166 95 -132 87 -92 -11 30 -63 24 177 225 69 27 337 76 61 32 2 26 -254 -125 158 
130 -23 -3 94 -61 -6 -56 -140 78 56 -77 -47 180 -72 -150 -94 -123 157 -61 -15 146 -13 -55 22 
75 -27 13 -98 -139 32 19 3 93 122 48 53 20 0 18 -35 16 89 -35 -3 35 -96 -19 84 
-37 85 107 -54 59 30 6 56 26 -7 99 20 -115 97 117 -33 74 117 -83 22 109 174 53 80 
-99 -50 112 -122 -15 89 5 28 54 137 -36 -12 86 -3 -34 -81 37 204 -20 32 29 16 14 44 
19 15 65 87 -11 -33 -107 53 201 9 46 124 53 -89 43 -110 -49 60 -20 23 77 94 26 4 
-40 100 165 -105 70 88 4 42 42 -27 11 65 -1 28 50 -127 38 79 -101 118 155 109 137 85 
-29 97 192 -107 80 125 -22 82 92 -39 84 122 -20 66 142 -42 74 163 98 67 88 129 63 60 
-115 -118 82 26 46 60 -33 -3 95 -60 -33 137 31 -17 24 49 -45 51 8 30 103 -21 30 118 
-72 27 110 11 -3 60 -80 -46 21 21 62 177 105 135 92 -25 -27 103 -116 -126 70 7 -57 -9 
-12 93 107 -86 151 154 56 129 120 157 8 14 -36 -8 42 -272 57 246 -177 54 74 -23 -24 80 
287 106 67 76 70 104 -298 -77 138 -315 -71 94 129 -15 21 101 -22 -21 -115 -14 153 118 24 26 
141 14 44 -165 -89 74 -328 -183 115 3 -5 16 91 79 55 137 33 49 -7 -37 44 -52 11 97 
-53 6 89 -195 17 155 54 95 121 161 -62 -88 -83 6 12 -101 157 135 -29 88 57 -74 72 22 
30 117 46 -66 147 116 -104 100 138 -54 98 117 7 75 71 -14 51 46 -81 80 116 -96 104 119 
78 136 63 -53 49 148 -24 75 105 -35 12 45 -47 8 81 48 50 63 95 105 142 -83 45 48 
-68 -1 34 47 94 153 79 16 60 52 -14 65 -63 -45 94 154 -38 25 194 20 -33 -382 -143 181 
65 111 79 132 -31 -49 16 -10 39 0 26 129 -133 -52 141 -46 -17 45 32 31 44 44 25 40 
-43 86 127 -17 65 45 -63 56 155 13 -23 62 56 -10 62 -70 -16 48 -59 36 102 -22 33 84 
76 64 63 4 -31 70 -10 -45 127 5 -36 107 21 -186 36 91 -94 39 15 -32 41 -38 -84 46 
-12 -9 91 0 26 106 -5 25 111 -51 47 176 36 71 108 63 10 111 -102 0 126 -46 50 78 
-4 50 35 13 121 84 -3 122 158 2 35 51 -111 87 160 -67 101 90 -26 94 124 -98 117 111 
36 98 128 -27 21 75 69 59 107 115 12 27 -60 -25 103 -15 85 121 -10 49 84 -74 -93 63 
57 -31 -3 -29 -49 38 72 -79 42 50 -129 -33 10 -64 -21 21 -40 7 -21 -26 44 14 -12 58 
76 -73 -15 -64 -36 55 -96 -8 100 38 -7 43 101 -43 36 36 -25 38 27 25 26 -119 82 47 
-10 59 105 -48 49 65 -29 103 138 -64 69 100 -97 47 84 46 65 52 119 40 -4 -107 34 63 
-27 -13 10 23 86 70 13 51 109 15 45 49 14 12 38 43 13 51 -14 -67 4 -149 -12 96 
104 -19 -13 75 -8 -27 -9 0 63 -50 -51 15 -168 -106 45 23 56 110 127 11 19 45 -12 20 
-129 -17 109 40 -48 15 125 24 63 -39 -27 84 -30 27 79 -14 16 10 -53 -3 25 30 85 89 
-108 11 126 -20 16 50 -17 -22 54 -58 8 106 12 3 39 42 3 15 7 73 130 -73 -2 122 
46 62 141 16 39 122 -31 -49 88 7 -42 63 53 -26 57 77 18 58 7 -36 52 -90 -86 121 
15 -67 56 27 -55 75 32 -27 83 51 -49 50 36 -27 85 35 -52 80 -8 -41 76 -37 -28 107 
-10 0 32 -18 13 75 -1 69 102 0 82 108 -77 42 76 -92 -10 55 6 97 134 0 68 193 
-33 103 157 -20 59 121 -19 35 71 8 -11 60 -89 29 45 0 58 35 98 74 72 -3 125 166 
-28 0 134 -19 -3 126 20 -88 7 69 -40 14 51 -70 53 -73 -76 20 78 -95 -54 -28 -4 53 
18 -65 53 -13 -78 38 16 -11 48 99 -21 -2 -22 -80 18 -108 75 198 161 25 65 40 -64 -47 
-100 53 80 -45 98 59 7 92 89 -61 40 109 -3 26 59 63 -16 -17 -49 28 87 -46 82 115 
-53 -26 30 32 110 98 22 65 82 -24 4 89 -41 0 79 -33 -40 57 38 11 12 -97 -77 154 
136 -9 -22 125 -113 -56 -128 -35 91 1 18 100 -2 -39 72 -49 -11 140 8 -6 93 33 -69 21 
0 -46 43 14 -65 16 -30 -10 18 -56 39 47 132 21 43 89 -41 63 -21 -68 -17 -159 -27 125 
-25 -45 25 -30 63 79 -14 68 108 -75 91 82 -38 60 103 48 66 67 49 30 33 -14 25 -32 
-136 0 12 -55 109 117 85 63 -29 92 -26 -55 23 -101 -29 -21 -16 46 47 -61 -92 81 -114 -204 
-38 -2 35 -42 -47 5 -31 -55 -46 -101 -95 36 -15 -53 64 136 -2 -73 79 12 -24 -102 -26 52 
47 -28 10 152 -14 -11 59 -56 -5 -150 -45 91 30 34 69 121 79 15 -87 98 155 -128 35 149 
-7 23 61 48 -4 -11 50 57 47 -53 74 117 -14 43 120 -37 15 82 -57 -53 76 8 10 92 
-3 -23 101 -69 -3 94 99 2 7 75 -21 10 107 16 34 -174 -112 80 -145 -101 69 80 -6 7 
131 13 48 -66 0 74 -164 -44 84 -136 -30 83 53 31 91 161 19 -5 55 -62 -7 -96 -21 69 
40 17 25 -30 0 21 -48 83 76 -42 119 75 9 110 94 -34 159 100 -47 148 104 -67 104 74 
-38 88 82 -67 79 101 -65 22 20 -5 86 65 55 40 21 -66 75 81 -127 31 29 -42 23 96 
102 -3 0 2 79 37 -11 -5 43 -45 -1 111 57 -13 119 6 18 48 -34 -6 84 -12 -46 35 
-12 -61 26 -41 -46 33 23 1 27 20 6 77 0 -7 57 22 -66 28 20 -2 54 74 -2 36 
-47 -25 33 23 89 97 -41 87 43 -142 160 181 -51 151 141 -24 75 78 -94 27 156 -24 86 86 
-30 71 110 1 9 46 -67 47 105 25 90 121 -6 17 53 -66 56 172 16 50 136 108 46 68 
-99 -50 120 -144 -103 158 83 -63 50 78 -154 -19 48 -77 54 -91 -46 60 -20 14 103 65 9 103 
83 -22 116 127 -42 110 -149 -96 77 -128 -125 104 25 26 147 123 124 131 116 14 75 33 45 39 
46 124 -20 -727 -219 439 -389 71 261 267 22 -57 143 43 12 13 183 186 -122 81 246 -305 -123 150 
386 -19 -126 210 30 42 33 77 195 -31 -33 157 -48 -70 101 2 -84 51 -106 -162 157 -76 -130 123 
187 -42 -81 39 -44 87 -65 -68 73 -130 -74 117 30 14 79 61 -8 57 16 -22 57 -77 -56 152 
64 -89 -60 58 -102 7 86 23 89 0 -46 -13 -152 48 106 -105 39 226 62 -51 -64 -6 50 59 
-54 13 128 6 -35 17 -39 23 111 -9 36 86 -40 7 77 -55 17 81 -62 0 82 -5 51 144 
122 95 151 4 4 138 -19 -54 22 37 -70 -10 32 -5 76 -42 -95 14 0 -77 -6 72 67 34 
-29 70 104 -140 12 158 -68 -84 110 35 45 174 155 -27 -28 42 -75 -7 -46 8 62 -1 7 76 
-4 27 88 -1 36 108 -50 7 60 22 39 40 16 12 49 -29 21 32 -19 59 10 -94 44 56 
134 108 47 -52 29 55 -118 47 108 -120 34 84 -12 27 54 41 14 6 -142 -29 105 -14 93 90 
46 49 76 -30 60 125 -115 64 111 -99 23 127 53 52 80 167 -24 29 -84 -62 9 -116 -8 46 
9 29 83 113 -24 39 19 -82 5 0 -84 66 32 -33 53 8 -22 106 -40 0 95 -11 -7 58 
-6 32 27 -88 54 22 32 94 29 60 104 26 -18 97 51 -39 66 79 -86 99 233 -83 74 64 
-121 -10 -18 20 131 110 213 108 -9 -21 32 17 -121 -77 26 -33 -28 -78 19 67 44 -32 -3 73 
64 -37 -72 70 1 -70 -27 83 75 -38 65 121 -74 52 146 2 60 73 -112 0 86 -227 -25 147 
21 29 71 128 89 101 128 69 49 -21 -23 122 -173 -13 25 -73 161 153 38 161 179 6 147 164 
16 29 67 -12 50 81 -48 124 103 -80 99 74 -117 155 64 -74 182 60 -114 122 97 -43 98 117 
40 73 74 5 101 64 32 135 26 26 25 18 -71 15 -8 -113 -24 -14 -14 -3 -45 47 92 49 
-12 31 32 -16 30 91 -140 -93 8 -111 -64 -51 -30 -35 -44 42 95 26 114 71 -20 20 85 24 
-112 62 104 -3 52 0 99 -1 -38 -86 5 -23 12 162 76 32 216 204 -239 153 -79 210 -118 -168 
-75 179 312 98 115 79 -156 -42 -61 -250 54 108 208 178 35 -221 -178 -111 -230 127 137 226 170 -81 
95 20 23 -246 29 153 -177 97 160 60 102 117 111 22 5 -8 58 93 34 92 138 -39 18 51 
-41 -60 62 77 55 84 16 91 124 -251 -42 177 -23 -18 62 375 86 26 147 -21 -14 -389 -69 205 
49 130 66 425 146 -36 49 -47 87 -252 -40 199 103 103 169 -47 -58 15 -148 56 138 116 130 176 
178 15 28 -391 -78 220 -21 81 65 255 1 11 -171 -102 111 -31 110 138 0 10 96 -170 -54 139 
104 20 36 87 -1 82 -90 -16 127 33 62 111 -28 9 144 -72 -23 168 -59 -54 34 87 -18 64 
66 32 103 -115 30 148 2 46 128 12 -11 18 -109 16 102 -141 55 132 11 100 62 98 90 42 
21 95 110 -194 162 239 -134 93 149 -31 51 137 38 61 100 57 24 59 -18 -18 68 -68 26 123 
-30 -9 71 -16 -1 69 30 -5 68 25 14 37 -10 -4 107 22 -35 58 -14 -123 50 -18 -29 57 
-15 -77 63 -83 -48 76 11 14 72 83 22 24 -5 -15 56 -102 -9 94 -67 20 104 6 -4 -14 
1 83 86 -7 52 100 -117 92 92 -210 141 189 48 97 22 -144 98 77 -94 214 158 38 17 -138 
-31 255 209 44 -37 62 -83 67 -2 -70 63 318 -73 -113 -218 82 37 -123 73 77 65 156 100 -25 
-252 -147 26 -246 127 132 80 -2 22 207 -138 -162 148 -6 -203 -51 -3 92 -252 16 45 -188 -20 76 
80 73 71 35 126 134 -61 44 77 -120 2 119 57 76 93 71 88 111 -4 74 84 -87 51 150 
15 34 69 1 59 18 -24 60 104 -133 0 16 -77 102 6 25 191 -8 -19 261 123 -149 141 151 
-38 32 63 168 46 34 139 22 -27 -105 30 62 -116 90 196 36 109 140 -16 -6 94 2 -16 99 
-39 -80 116 23 -2 125 132 -110 66 59 -150 -67 105 -103 -76 -211 -124 103 -115 -91 158 129 -9 79 
102 -50 -111 -13 -74 -16 -94 30 181 -27 26 137 12 10 -34 91 -38 -13 38 54 -142 -228 262 291 
43 40 -81 -32 -58 -297 -92 42 -122 -263 194 180 -131 188 105 -93 150 68 -5 128 51 26 148 52 
114 58 -36 -50 165 144 -57 91 95 -25 35 168 0 0 81 34 -33 31 18 68 41 8 -17 69 
-100 0 100 9 -20 33 35 -19 24 -19 -26 35 -74 -28 57 -4 -29 55 48 -34 -8 -10 4 40 
24 33 35 -30 43 33 -104 95 138 -96 152 211 -54 47 97 -86 -24 78 0 66 83 38 104 125 
-33 79 74 -77 4 89 -35 -56 55 -84 34 94 -28 110 179 97 43 84 20 -50 26 -65 -9 66 
-75 -64 119 75 -39 37 57 -82 22 -51 -130 36 -62 -128 -7 -173 -78 70 -53 -6 141 101 -29 59 
85 -37 61 37 -28 58 44 -67 61 -42 -83 51 -22 -39 106 49 82 110 -26 51 156 -17 118 151 
-22 33 106 -67 45 216 47 108 220 -29 -3 153 -39 -10 185 -60 -5 187 -54 23 157 -19 53 218 
38 57 124 101 28 143 103 29 145 22 -4 202 -10 -63 215 83 -45 145 112 -84 68 42 -69 55 
-60 -123 109 29 -100 134 45 -51 125 50 -46 132 76 -99 143 77 -102 125 59 -170 114 83 -148 138 
39 -119 108 26 -129 121 -66 -79 119 -6 -42 133 30 -38 137 63 40 71 63 30 95 18 39 138 
-21 1 146 83 -39 31 0 10 96 14 -5 104 19 -39 125 -35 6 136 -10 -39 1 20 26 78 
5 38 126 -63 11 82 -95 -8 122 -6 57 132 57 28 76 -1 -33 95 -42 -76 91 52 -30 51 
83 -1 74 -24 -18 81 -28 -55 120 40 -68 23 8 -79 76 -35 -62 42 -81 -86 43 -23 -5 56 
-5 58 57 -28 21 60 -98 -4 148 -12 65 91 85 30 52 23 -10 12 -14 11 -2 -148 25 61 
-24 62 90 48 74 43 105 71 44 -24 26 88 -140 111 233 -273 38 196 -81 -132 139 354 93 12 
18 7 94 -72 18 126 -41 -9 26 74 -34 26 -192 -145 14 -398 -178 79 309 187 -15 446 -88 -161 
-331 -14 157 -84 -87 134 4 -76 77 83 -24 89 117 -71 14 33 -50 79 -35 -70 96 15 -111 66 
87 38 74 -15 19 52 -68 39 120 32 55 110 -196 -12 113 -16 25 135 22 103 103 25 99 120 
-10 45 101 -13 38 84 -89 -41 102 -50 -25 129 26 -29 104 95 -14 49 -6 3 97 -54 42 182 
103 -45 111 53 -109 85 24 -151 32 1 -137 25 -4 -49 74 41 -36 65 -63 -65 136 -31 -44 126 
36 -60 65 51 9 110 27 -8 75 0 -22 106 -20 32 137 5 -6 107 -25 -23 64 -68 5 109 
-20 73 96 32 66 82 -15 34 100 -40 19 117 -132 -37 91 -11 21 117 64 20 59 23 4 80 
-35 -2 85 104 19 39 -84 -67 75 -139 -50 125 54 -29 11 90 -40 19 82 -42 53 -4 -72 -29 
-45 -40 52 -65 6 126 -30 -12 150 1 -70 42 67 -52 66 40 -55 58 35 -67 70 69 30 80 
-7 27 134 -42 -4 145 -192 -12 158 69 73 61 180 114 21 -68 129 175 -99 144 163 -138 78 156 
-5 -5 82 -112 93 188 35 77 65 42 55 45 52 133 140 -30 53 129 -112 11 121 -164 1 50 
52 108 121 178 75 103 87 -31 53 -18 -88 33 -77 -79 75 -45 -70 103 -19 -26 110 88 -33 51 
100 -53 18 44 -82 33 -193 -98 210 -11 -37 73 58 -98 33 105 -58 2 64 22 83 15 52 150 
-128 60 202 -135 -42 171 9 61 133 137 41 30 41 92 98 -34 69 155 -74 -33 182 -50 -55 85 
-21 0 125 83 16 119 112 16 44 35 4 75 -38 -48 86 -120 -29 131 -24 37 167 34 10 164 
124 2 125 66 -30 69 -2 -93 125 -79 -144 87 -46 -107 28 83 -41 9 52 -37 33 -21 -44 70 
3 -51 76 66 -36 55 60 -26 31 -28 -26 88 -118 21 89 2 -27 56 60 12 53 95 23 45 
-29 -37 37 -150 -3 -18 -125 33 82 73 69 27 -95 102 94 -126 100 95 6 51 -11 -57 78 84 
-3 134 101 -133 57 124 -18 17 103 82 -20 36 102 -54 3 43 -31 10 25 39 -13 -59 87 59 
-58 6 20 -35 -112 0 69 -88 -69 56 -84 -20 -40 -5 14 44 -69 -17 48 -68 -14 -5 -52 31 
-72 -104 -25 -12 -84 -28 45 -41 20 131 -88 -18 161 -33 -6 61 -2 -15 -124 112 117 0 37 -54 
-212 135 178 -97 180 73 -140 101 -23 10 60 33 72 41 -27 -55 55 -63 -98 137 98 -82 87 97 
99 2 -80 -11 48 66 0 -3 -118 -40 -64 -25 -2 131 101 96 72 5 39 -34 -69 64 -97 -169 
-87 -95 -138 22 -11 -41 56 -34 -97 -5 -96 -80 -69 -110 -137 -26 -35 -70 18 52 -60 82 -55 -38 
2 -133 -131 -28 -154 -116 -15 170 -41 33 97 31 -37 86 10 -97 40 53 32 10 -43 -48 92 92 
-33 129 39 -92 39 110 28 19 26 -26 -14 10 6 94 0 42 192 91 48 135 125 -167 0 175 
35 -36 -8 23 95 66 -24 69 43 12 33 12 -12 0 118 72 95 20 12 19 7 -135 -15 2 
30 3 18 51 21 -1 -30 -7 27 -88 -22 -105 13 -34 -118 49 -68 -103 26 -10 -24 22 52 -5 
-73 -28 -97 7 33 -88 32 49 -60 77 65 -34 22 91 -56 -76 135 -53 -47 136 27 -155 128 3 
-108 62 -239 108 124 -26 -7 115 -60 -101 113 -34 -38 74 7 -55 37 -37 -4 56 -16 -36 130 2 
-62 107 90 -14 106 85 6 11 -12 -1 6 -66 -6 11 -56 39 -8 -36 -30 51 120 -30 28 141 
-116 -33 63 88 -23 34 33 -38 -66 42 -147 -156 -38 -20 32 -7 -22 -29 -27 10 -4 91 12 38 
-8 -67 8 18 54 -60 -17 101 -25 -124 113 44 -56 135 76 -33 179 50 -129 159 138 46 52 -61 
-30 133 46 46 113 52 -137 98 68 -62 70 1 -56 -13 -58 73 32 -24 64 68 -4 -78 70 -3 
-131 37 51 31 45 7 97 63 -43 59 -3 -85 -92 17 -11 0 61 -30 30 31 -50 -92 41 -16 
18 -12 -61 1 0 -30 4 -35 -19 39 12 -75 -9 -36 -28 -61 -72 -53 -17 -93 10 -56 134 14 
68 135 21 -48 124 37 -103 28 57 -27 -6 31 26 10 8 86 69 83 -29 -41 -28 -39 -66 52 
-4 -21 -38 -57 50 33 -57 63 26 -15 63 -1 -27 48 7 -28 33 -15 -18 18 -25 -7 1 -16 
-12 92 21 21 -48 -20 121 -16 -9 -26 4 9 -23 11 -77 -119 57 -93 27 24 -29 4 -20 -83 
-73 27 51 21 -119 -27 -30 33 96 53 57 13 -8 14 13 -95 22 65 -2 19 -24 68 -43 -1 
-164 15 170 -10 72 53 65 68 102 117 11 26 -74 -7 12 -99 16 18 -24 -26 16 -36 34 72 
-63 52 50 -43 -22 -14 24 -2 20 41 -12 -43 -10 -146 -9 18 5 -24 -20 -21 71 -3 -69 -92 
45 -41 -16 -6 -158 18 29 -204 -250 -30 -15 -35 30 24 -39 43 -7 -57 17 -117 -1 20 -13 70 
-18 -164 -82 2 -66 -30 -10 -54 -39 -17 -52 28 46 -33 -43 90 -88 -40 125 0 -63 0 2 -52 
-302 -17 60 89 25 -50 78 34 -36 -3 57 86 -33 31 0 -122 -8 35 -65 -61 20 -30 -55 48 
106 38 -9 49 34 41 52 77 63 -47 -94 32 -77 -101 41 29 -109 3 126 -48 4 36 -68 -8 
-4 -81 -5 37 -106 -35 96 -131 -47 35 -142 -79 -77 -113 38 3 -114 8 65 -99 53 51 -112 -65 
43 -121 8 140 -93 -46 68 -64 0 54 -39 50 20 -7 71 -2 3 137 -11 -54 106 -182 -18 33 
133 4 -182 1 130 106 -88 137 172 -81 -2 11 -79 48 -99 -10 132 74 -12 175 129 -2 67 122 
-79 45 165 -28 126 85 34 -48 -86 -50 -55 -10 71 -91 -18 125 -48 21 80 5 33 110 -32 49 
44 -75 42 -108 -43 -30 5 -79 -126 50 -131 -112 8 -83 -35 -33 -45 25 87 -70 -74 35 -92 -90 
69 -127 -86 -21 -30 -30 -89 -2 -29 -44 112 37 103 -13 15 -16 -8 10 -40 38 -29 -9 68 -13 
-61 48 82 -30 114 -14 -12 157 32 -115 116 29 -144 58 15 -69 46 73 -38 82 31 4 87 35 
-64 42 -15 -49 16 42 71 6 -3 77 -15 -10 46 -11 69 6 -27 18 -49 7 88 47 33 13 
-21 -38 71 -58 -70 113 -56 -50 82 13 -67 45 114 -36 3 106 -30 33 -15 -12 115 -52 19 164 
-80 -66 87 -26 -17 159 106 29 91 76 5 67 -129 14 38 -81 73 175 65 76 100 -82 123 131 
-117 107 213 27 81 100 31 75 78 -37 98 193 -45 89 205 -29 26 170 6 39 112 -69 20 219 
64 71 239 3 61 233 36 17 143 34 -13 135 -46 -20 171 -40 -56 156 55 -67 93 161 -49 -8 
-88 -24 118 -253 -29 205 -68 -19 175 104 10 79 108 -31 38 -78 -73 149 -21 -37 143 64 -45 83 
-13 -32 54 9 0 114 -47 -22 37 -73 11 100 -12 112 140 -2 116 136 -37 32 125 -98 -44 108 
10 28 78 -28 -24 120 14 -50 105 61 28 108 -20 -21 126 -24 -47 146 -27 -47 150 100 -58 65 
30 -51 112 28 -43 129 0 -76 71 10 -85 59 84 -93 20 41 -114 30 29 -72 69 49 -68 75 
-31 -37 115 -36 20 144 -67 62 96 -72 37 90 155 -74 27 24 -5 127 -44 16 157 -107 31 203 
25 80 108 13 70 249 -58 82 199 -16 -34 106 -50 -55 137 -6 -19 147 -8 13 270 140 -15 230 
35 -26 175 84 -100 108 -108 -105 250 55 -66 176 119 -68 170 171 -57 72 32 -107 120 -146 -111 268 
-37 9 139 1 -86 219 53 -53 138 91 -8 153 -75 -16 266 -58 -111 147 15 -86 91 67 -14 140 
-96 -14 171 -37 43 189 13 46 128 41 46 180 -64 -2 144 -64 2 113 -135 43 271 -160 31 298 
73 57 148 36 -15 202 120 -4 142 -82 -34 226 -67 -77 252 68 -47 97 95 -67 108 25 -55 98 
-75 -100 130 97 -36 59 65 -74 59 10 -81 160 2 -106 118 16 -124 56 70 -93 47 49 -55 132 
-37 -100 89 -44 -46 119 43 23 136 79 -19 117 9 0 198 0 -10 125 -21 -31 76 -37 28 132 
-17 9 111 44 -9 8 -50 34 173 -39 13 111 46 2 92 -34 29 168 55 43 90 -109 -58 139 
48 -2 51 86 5 80 -61 -31 196 25 99 126 13 -12 107 -6 -63 59 -7 -69 50 55 -60 10 
76 -16 -5 -188 1 126 -109 -7 119 -2 -40 89 63 0 69 36 -6 71 -5 -22 41 -47 -5 162 
16 33 72 -66 -31 91 -26 -19 39 56 82 7 10 142 108 -43 158 249 -87 2 73 -107 43 173 
75 29 68 -38 26 184 -57 50 154 -59 31 143 12 73 168 7 20 164 48 36 174 -5 4 123 
-12 -73 154 93 -92 68 113 -105 10 13 -84 35 -53 14 139 -25 40 150 4 28 125 44 39 200 
-24 -39 174 0 -38 164 -36 -18 110 -10 10 131 -53 31 149 0 97 199 50 79 150 64 91 139 
-123 37 168 -50 75 163 38 141 179 44 66 165 -63 64 165 -64 20 191 45 74 164 -10 88 209 
-83 10 159 59 -5 153 119 35 107 -17 -19 203 -13 -19 105 53 -78 38 63 -50 22 51 -29 42 
-54 -41 152 -21 -44 134 -8 -36 62 20 -48 33 -22 -49 87 -71 -15 157 8 2 138 61 11 100 
62 -39 -28 10 1 -7 -47 96 179 -49 100 143 -121 135 176 -23 126 105 54 88 31 -58 128 169 
-20 58 105 -118 32 85 -66 17 75 8 39 66 53 125 62 20 78 32 -76 9 106 -9 20 57 
-90 -81 100 -40 -44 42 48 -40 17 59 -20 -50 121 -25 13 -18 -14 39 -80 -86 69 -167 -132 -7 
20 -54 42 151 -3 12 123 -42 6 -62 -64 58 -88 -56 40 -9 -33 50 0 -35 -4 84 57 32 
-71 0 31 -124 38 90 -21 74 43 -67 67 73 61 87 23 13 78 65 18 90 89 -24 67 57 
-249 -3 64 -76 59 70 42 118 83 88 129 72 38 54 139 45 41 147 -66 -36 47 -161 -111 44 
41 -4 -4 83 -41 -53 4 -33 15 -156 -48 111 60 -5 -27 -63 -79 -40 -4 25 62 5 -2 -19 
-100 28 74 75 62 25 102 56 3 -69 -21 30 -91 23 126 -34 70 45 23 81 -3 -7 98 34 
-20 87 57 23 50 69 -88 1 37 -121 117 143 19 144 109 34 120 144 -9 143 220 -82 142 139 
-21 68 75 -49 53 123 88 100 103 88 92 58 -35 40 85 18 -11 -55 26 25 -69 -48 32 42 
3 30 48 -77 4 70 -24 -12 76 3 48 36 70 86 117 -3 60 135 -176 -73 102 2 -103 -160 
112 125 92 158 99 0 -133 52 96 -136 99 76 -16 82 21 39 85 38 -59 136 108 1 134 116 
-115 68 114 -37 97 120 11 75 81 15 94 55 -74 105 135 -68 123 112 -2 104 138 14 58 89 
15 41 78 -62 24 112 -41 7 21 13 69 70 37 91 70 23 12 40 -114 -46 42 -70 38 -20 
73 17 13 19 26 78 -57 -2 48 -35 33 20 8 43 0 -41 63 96 -115 -6 32 -73 -30 38 
112 86 16 -5 61 13 -161 85 41 -53 77 -15 -26 56 -63 -30 124 25 -49 159 75 -39 163 41 
-92 150 93 -19 149 120 -98 125 82 -35 72 8 0 10 -13 -20 30 47 25 114 1 -44 26 41 
-19 22 17 -52 2 -30 52 54 0 -20 26 -23 -37 27 37 -20 51 -7 -15 56 78 -10 75 40 
-106 -8 2 22 31 0 122 102 10 -6 65 50 -100 50 73 -69 16 -37 -53 75 -20 20 137 18 
-80 186 118 -4 157 57 -42 166 68 -108 137 139 -86 90 73 -10 81 17 -30 75 69 52 75 26 
-56 47 46 -42 89 40 3 26 10 -8 70 66 39 61 39 -49 -9 -41 -2 63 -10 30 56 6 
-95 37 79 -41 81 36 42 17 -5 40 23 24 23 75 19 -152 11 1 -127 51 44 11 114 56 40 106 31 -46 47 6 -43 84 17 -20 126 5 -28 113 23 -69 149 43 -50 125 8 -38 32 -23 -23 154 79 40 117 20 -27 115 35 -168 93 -25 -81 65 13 10 94 6 103 39 -18 21 -34 -140 48 38 34 3 66 -40 -104 -32 -68 -117 -67 -19 53 -31 -255 80 92 -61 153 70 -36 -66 2 -104 
-185 82 108 -8 32 -104 125 28 -54 -37 -9 -7 -83 60 34 14 76 -4 -7 98 -56 -44 143 115 
-1 126 -26 -39 124 81 -75 94 -110 -41 159 2 -112 172 19 -35 125 -70 -78 204 10 -126 122 -2 
68 95 -53 33 128 -16 -62 131 16 -37 125 36 -3 61 25 -45 45 -34 -40 112 50 -14 58 -42 
69 57 -34 -4 9 -136 -93 -27 -1 -52 80 -71 16 28 -84 -14 38 -40 10 76 -64 -77 70 -81 
-21 52 25 -65 128 0 -49 70 -87 -109 118 -25 -76 165 -89 89 117 -285 16 124 -231 -44 121 -223 
109 23 -156 -76 52 -90 -62 110 -15 49 2 -136 -94 68 10 -4 32 -57 1 46 -74 -35 67 -23 
4 -26 -85 2 8 -80 86 38 -96 52 50 -127 -67 40 -72 -44 8 -120 -68 26 -166 -5 108 -59 
-32 20 -80 -68 33 -75 -38 69 -56 -8 18 -38 -35 -4 -43 13 -2 -35 37 50 -199 65 63 -111 
-88 145 14 -119 156 -37 -60 153 -27 -45 125 38 -48 98 -46 -4 125 -46 -108 165 -34 -8 106 16 
-45 95 -43 -24 64 -29 -105 77 -4 -46 131 -29 39 171 -2 -22 144 -5 -105 131 -20 -37 26 -78 
25 -45 15 6 61 -98 -16 48 -151 5 92 -76 25 141 -89 -16 116 -118 -110 86 -18 -134 49 27 
-21 80 39 79 108 28 45 23 -107 -126 31 -33 -94 81 70 9 37 -24 30 71 -36 -17 120 -34 
-70 134 58 -98 192 49 -82 171 102 -59 132 68 15 108 44 -60 138 52 97 52 -11 -135 114 63 
-24 107 38 -28 186 52 16 108 -25 -6 35 -45 -36 44 16 -7 63 -30 -33 55 -45 13 47 28 
43 26 -42 -96 -23 0 -51 39 -17 6 90 -21 -18 96 14 -67 110 -20 -53 105 -23 2 91 -4 
-98 151 11 78 -145 -167 19 84 -87 5 85 -74 -93 49 -218 -111 60 -46 -39 15 130 36 114 76 
-10 121 54 -46 95 30 -133 16 51 -55 50 25 -28 74 157 38 38 46 -4 65 60 55 117 65 
-129 2 38 -76 47 116 62 43 25 26 8 25 13 50 51 -9 -12 29 -2 18 69 -93 -31 32 
-41 -37 0 167 37 -3 1 -31 -31 -118 -27 25 -64 -12 -14 -16 28 73 27 52 52 23 6 10 
-25 28 -67 -12 46 -86 -53 84 -17 -68 140 48 -61 78 73 -34 17 -12 -18 50 11 -4 69 0 
-92 83 81 -107 56 66 35 -5 -33 100 22 -10 26 56 3 -25 24 23 -10 33 69 32 33 11 
29 -64 -2 0 6 44 -82 -37 23 -57 -58 12 33 49 14 171 63 -6 106 8 -11 -103 -61 84 
-78 1 -35 172 37 1 -2 26 53 -187 80 165 -33 32 46 -9 5 39 121 36 10 29 70 7 
-77 -6 8 -153 -8 59 19 59 69 82 42 -13 -101 74 49 -84 78 59 -41 123 185 -86 100 130 
4 39 72 -51 18 131 -5 29 65 21 4 88 -50 -10 110 116 -53 30 81 -51 -3 34 -2 26 
63 -113 -103 -151 -44 79 -68 36 66 52 13 26 -65 15 85 -19 30 54 -39 -42 30 27 -11 13 
23 -39 8 -84 -15 86 -58 89 48 23 103 11 34 73 32 -32 50 -14 -50 17 27 -92 65 -28 
-82 113 48 -37 169 67 -23 92 78 -64 61 99 -71 28 51 49 3 -36 39 37 27 -16 66 -8 
-159 113 -19 -31 116 -8 84 75 10 3 33 63 -70 9 82 -55 -21 -11 12 -77 -53 83 -8 -19 
5 -7 2 -15 16 47 -7 47 35 -62 24 12 -120 67 58 -67 64 40 30 21 3 -23 43 35 
-22 47 25 -83 64 -11 12 103 10 12 115 44 -53 104 20 -36 125 -88 -11 62 58 -101 81 31 
52 69 -4 -86 64 11 -67 66 61 -57 25 -29 -18 45 -3 -25 55 0 47 15 -146 32 73 34 
-65 54 -3 -128 -6 19 -59 -15 -90 57 -46 10 17 -5 -21 -31 32 80 129 -55 -95 90 -76 -89 
-64 -12 -42 -112 18 10 -47 43 20 16 64 -3 49 69 46 16 65 21 -67 37 26 -144 79 0 
33 65 65 31 83 36 -11 110 59 8 46 8 -69 -5 -113 -121 78 -45 -38 132 186 -7 66 -25 
-27 77 86 11 34 11 -68 27 80 -39 4 5 -7 -30 -15 48 34 -28 45 28 28 -27 52 57 
-72 -51 8 56 12 -17 18 -30 31 -71 -40 20 -53 -48 -4 33 -64 8 41 -71 1 63 -59 45 
2 -71 5 95 -62 -37 27 -68 -17 -93 13 84 63 35 -10 59 24 50 -80 -7 91 -68 -33 -126 
82 28 125 20 32 129 -30 -67 18 -55 -41 -148 20 -18 -49 60 0 -54 7 43 79 -138 46 52 
66 -3 -30 40 26 82 -127 2 77 -109 -1 53 21 15 -24 0 26 36 -1 19 31 59 36 72 
-56 -16 59 7 7 187 17 11 107 72 -22 57 80 -132 -55 106 -206 -155 -102 -55 17 69 -36 -11 
48 -118 13 7 -87 -48 -41 -43 69 -15 -63 56 -80 -45 -8 -2 -2 84 93 -42 -17 49 -40 19 
-36 -76 3 51 -96 -46 13 3 19 -11 -6 110 -12 -46 41 8 -63 -92 2 0 25 3 96 69 
