38 -22 0 177 14 -44 118 -25 -77 -210 -87 41 -144 10 44 21 81 90 49 -7 71 -76 -47 48 
6 -19 24 61 20 33 31 27 73 -51 -30 43 -1 -22 45 97 -13 13 20 -32 25 -44 -65 53 
-31 -93 -3 65 -53 15 49 -71 -11 36 -62 0 -27 -91 -2 -49 -117 13 -28 -89 2 64 -73 7 
14 -111 -17 37 -62 -4 -8 -69 14 -56 -58 45 -36 -93 5 -25 -72 10 58 -40 28 74 -69 -44 
-7 -32 58 -49 -24 47 -47 4 -3 -14 -1 -11 14 31 25 10 7 13 -42 -37 11 -71 -25 10 
72 30 3 -29 14 58 -87 -25 71 -59 -49 86 39 -46 22 90 -51 -13 14 -48 6 -54 -74 20 
23 -32 18 -4 -55 33 4 -76 13 -13 -83 17 9 -107 -11 20 -82 6 23 -80 -42 37 -103 -32 
2 -73 41 -58 -90 13 -6 -90 40 4 -101 14 63 -131 -16 44 -144 -56 47 -91 -15 19 -113 -22 
1 -102 11 -1 -101 -8 23 -60 8 20 -58 -11 29 -57 10 -5 -62 9 -22 -94 -7 31 -77 -12 
-35 -16 35 -22 -13 42 -1 14 46 -9 -33 56 -8 -49 29 22 -66 3 -27 -68 52 0 -44 36 
0 -134 -20 29 -134 -22 10 -105 -5 23 -115 -21 21 -127 -45 72 -103 -56 81 -95 -84 -29 -118 -55 
-53 -104 10 -13 -43 48 25 -33 39 -16 -71 41 35 -79 2 -42 -114 -3 -2 -65 46 10 -95 -3 
53 -74 9 31 -103 2 15 -88 -9 -20 -96 -5 -18 -92 13 64 -50 -44 4 7 39 -37 10 55 
-20 -23 26 15 -65 13 25 -36 -6 51 -16 -34 -25 -30 12 -23 -6 37 3 -23 4 42 -3 -6 
-33 38 85 -44 10 47 -7 -62 0 14 -29 52 43 -57 5 49 -77 -7 -14 -102 0 -54 -113 -11 
51 -79 -32 9 -105 -12 -25 -105 -15 -26 -78 13 -18 -107 7 39 -103 9 8 -150 4 -10 -149 33 
74 -139 -14 32 -159 -25 -48 -73 55 55 -54 31 81 -71 -12 -15 -116 5 -45 -116 23 16 -49 34 
58 -76 17 -23 -104 4 -9 -52 8 12 -69 0 31 -6 85 0 -37 82 -39 -72 86 12 -98 24 
30 -88 16 24 -104 7 26 -89 0 25 -91 -25 10 -75 0 -23 -66 39 -37 -83 65 32 -118 19 
37 -160 -11 36 -137 -44 22 -106 -20 -15 -98 19 7 -105 25 4 -133 1 6 -152 7 1 -129 44 
47 -105 13 27 -129 -25 66 -89 -5 25 -102 7 -3 -95 44 -41 -117 57 54 -115 -6 95 -127 -17 
30 -61 15 0 -61 -32 -33 -43 -10 -13 -5 23 -22 -47 -22 -22 -23 32 -5 -32 27 -7 -17 43 
-30 -75 11 38 -38 18 65 -45 2 30 -72 26 -39 -150 38 -23 -192 -19 31 -168 -68 106 -53 -4 
7 -113 20 -101 -87 71 -12 -141 0 61 -151 -73 66 -203 -54 9 -163 -38 -1 -171 -36 -18 -195 -32 
50 -160 45 15 -153 -1 14 -126 53 30 -98 57 92 -120 -38 95 -84 -12 68 -116 -23 0 -153 -26 
-24 -96 8 6 -82 14 -9 -67 -5 -31 -47 22 5 -39 -21 6 -41 11 -2 -71 37 27 -142 -26 
-7 -89 -25 -9 -45 43 4 -97 -14 24 -72 38 9 -95 -11 13 -109 -4 32 -82 0 39 -111 -40 
37 -87 -51 11 -88 -9 3 -91 49 10 -71 47 -18 -111 19 6 -118 -36 88 -127 -54 63 -57 40 
-30 -145 -49 -83 -129 6 4 -90 -46 58 -84 -32 55 -95 14 -11 -164 -88 -31 -118 16 92 -101 -37 
-17 -101 6 -7 -99 26 12 -59 14 9 -33 63 6 -17 20 11 -1 -19 -7 -9 -27 -45 15 69 
-8 -22 46 -16 -13 40 -19 9 73 46 7 79 -22 -35 52 15 -85 -12 -11 -103 -25 25 -86 1 
46 -69 2 -8 -174 -69 50 -171 -50 82 -97 -70 -8 -146 -31 -30 -137 -77 -21 -162 9 53 -156 -32 
68 -143 -122 63 -58 -20 -77 -89 11 -46 -78 15 -10 -112 -8 22 -68 35 82 -82 6 12 -152 -56 
48 -51 -47 31 -79 -103 -86 -47 1 -38 -21 17 13 -45 -2 44 -43 -29 -49 -102 -53 -8 0 27 
21 -28 -14 -44 -16 59 -64 -19 30 -71 -42 58 -11 -36 26 51 -78 -14 40 -116 -59 62 -139 -89 
0 -108 -43 0 -91 -37 17 -124 -47 23 -107 -50 23 -103 -16 12 -164 -69 -2 -195 -95 29 -165 -71 
8 -204 -75 46 -152 -60 66 -132 -62 14 -135 -47 12 -119 -36 12 -106 -24 -9 -93 4 -21 -98 -13 
45 -71 -57 7 -92 -16 17 -57 1 -48 -46 28 -6 -61 -19 59 -44 22 17 -127 -33 -58 -151 -36 
3 -71 30 42 -81 -14 39 -109 -45 -51 -148 -33 41 -63 -16 120 -57 -60 43 -117 -32 -143 -137 36 
99 -81 -42 108 -145 -35 22 -148 -80 -72 -171 -67 20 -78 -14 0 -110 -36 41 -133 -32 17 -158 -81 
101 -99 -75 40 -120 -47 -89 -139 0 -25 -129 -58 63 -166 -94 68 -94 -39 48 -83 -46 -57 -106 -33 
6 -52 -16 -24 -44 6 38 -40 -10 -11 -58 13 -2 -54 4 -31 -105 -11 1 -61 -2 42 -70 -23 
-26 -70 21 11 -112 -82 -16 -132 -55 6 -79 -29 23 -72 -52 42 -115 -54 14 -96 -48 36 -81 -39 
-58 -182 -100 1 -145 -50 69 -111 -19 40 -145 -79 47 -122 -89 2 -145 -47 -22 -143 -42 -6 -96 -19 
-14 -117 -58 55 -91 -42 32 -39 10 30 -69 -24 -43 -115 -26 -20 -139 -55 20 -122 -93 24 -32 -32 
18 -28 -23 24 -105 -72 -28 -93 0 -39 -115 -26 -12 -60 -27 31 -30 -13 32 -79 -48 4 -116 -70 
-40 -90 -15 48 -60 -13 9 -129 -20 -30 -103 -74 70 -64 -73 49 -151 -73 -36 -195 -35 -27 -164 -77 
49 -93 -82 63 -108 -89 22 -130 -63 -35 -153 -35 6 -138 -37 38 -84 -22 91 -87 -35 0 -97 -25 
-64 -78 -2 -14 -83 12 66 -65 -1 20 -50 -39 67 -53 -70 38 -58 -12 -44 -84 -41 -117 -88 -38 
38 -43 -39 -6 -60 -42 -11 -19 22 0 -26 19 132 -18 -18 64 -97 -33 -112 -162 -1 -123 -171 -15 
172 -52 -53 93 -154 -65 -19 -180 -56 -23 -158 -73 75 -127 -91 81 -146 -77 -22 -197 -56 28 -134 -86 
19 -165 -81 59 -174 -103 40 -137 -79 -10 -149 -37 0 -137 -52 6 -131 -35 28 -96 -34 56 -106 -31 
-20 -140 -32 -18 -102 -23 46 -105 -50 3 -122 -43 17 -85 -38 -22 -85 9 12 -67 -6 19 -84 -4 
-23 -95 15 -11 -76 23 9 -80 46 43 -106 7 97 -87 -14 86 -62 -26 -66 -180 15 -41 -164 -7 
51 -167 -65 70 -160 -96 32 -201 -96 157 -99 -104 72 -128 -91 -149 -265 40 -113 -216 11 111 -150 -16 
121 -194 -63 -17 -202 -39 -2 -165 -4 27 -102 -28 65 -134 -58 67 -89 -82 22 -104 -22 -80 -83 18 
-5 -113 3 14 -107 22 11 -115 4 21 -112 10 83 -113 -45 56 -120 -35 -6 -138 -8 -16 -136 23 
-2 -159 -46 9 -121 -15 35 -119 -16 42 -103 -57 46 -115 -80 13 -130 -33 9 -114 -23 18 -100 -1 
52 -76 20 27 -127 -29 -41 -112 10 -94 -34 67 39 -89 -57 72 -55 -14 -64 -119 -32 -17 -42 -24 
-20 -55 -31 10 -65 -42 -44 -101 -56 13 -37 37 -11 -109 -25 -65 -131 -1 40 -52 1 35 -93 12 
-13 -116 -20 12 -109 -11 16 -109 -4 -14 -113 2 32 -92 -31 23 -132 -72 -13 -184 -72 46 -106 -68 
12 -151 -55 19 -134 -37 -26 -151 -1 -9 -135 -49 -52 -167 25 38 -103 -24 28 -106 -35 39 -107 -19 
30 -94 20 -69 -129 34 -82 -127 -5 34 -70 -22 121 -14 10 52 -52 -6 -36 -23 62 -13 -14 45 
-47 -14 55 6 -24 82 2 -16 53 54 4 40 17 8 13 -49 -66 38 -94 -99 34 5 -57 12 
106 -82 -39 26 -121 -64 -16 -104 -27 -10 -142 -70 -53 -145 -47 24 -102 21 27 -84 28 12 -124 -24 
59 -75 -7 -54 -87 52 -73 -68 57 60 -43 4 159 -96 -48 28 -100 -31 -82 -51 25 -32 -1 -6 
-7 -24 52 68 -12 -3 -93 -57 71 2 -34 44 -13 -76 15 9 -33 65 30 -68 30 0 -66 14 
-3 -125 -33 -26 -119 39 -36 -146 21 81 -86 -60 83 -191 -158 52 -162 -56 10 -123 4 34 -111 -51 
5 -160 -12 26 -111 10 -62 -143 27 -12 -38 45 112 -12 22 4 -116 13 -76 -124 8 -29 -73 40 
92 -26 -17 29 -50 10 -1 -54 28 -46 -71 85 48 -67 5 -65 -63 59 -74 -36 57 4 -44 37 
83 -25 27 3 -96 20 -16 -105 60 -6 -76 42 26 -58 18 38 -57 10 5 -92 33 17 -105 32 
9 -129 6 24 -69 8 -55 -98 2 23 -39 14 55 -19 39 29 -34 48 -63 -65 98 -59 -72 71 
18 -77 24 -64 -50 85 -130 -48 76 -204 -43 54 -71 -8 17 92 0 -42 183 3 -106 228 -47 -218 
83 -91 -245 -62 -140 -57 -77 -35 -28 -84 -41 45 -143 13 -4 -125 37 53 71 3 23 32 29 11 
0 121 35 -33 107 96 -55 31 102 -91 -17 86 -13 -38 27 119 -13 22 99 -20 17 -28 38 99 
-47 2 122 -27 -72 71 111 -63 6 70 -85 5 -31 -70 93 -24 -67 62 -9 -69 73 23 -83 65 
7 -54 128 95 -65 111 53 -85 47 -61 -56 40 -19 -18 72 36 -23 99 20 46 89 16 48 68 
-16 16 131 23 51 96 13 39 85 -7 53 132 -43 62 136 23 47 135 9 49 143 -26 -10 128 
26 23 126 30 0 106 9 22 159 39 6 130 -3 2 174 39 11 156 53 -49 106 -22 -76 158 
68 -116 42 63 -127 82 62 -92 135 14 -105 112 -34 -88 155 17 -41 79 73 -72 72 44 0 113 
39 15 114 -90 -62 142 25 -37 81 119 5 64 -31 19 116 -49 77 141 -17 44 89 39 52 99 
3 13 158 -70 -60 142 -8 -74 81 62 -53 88 53 -44 70 0 24 124 -38 1 137 75 -58 51 
19 -69 105 -2 -84 88 0 -101 52 94 -40 26 82 -61 73 -49 -63 143 -2 -88 77 11 -81 64 
30 -74 69 9 -52 79 14 -38 26 32 -34 89 8 -65 85 -41 -18 104 -18 10 111 -7 5 89 
90 104 61 -7 95 108 -94 65 138 -70 55 153 29 -38 74 33 23 90 -13 44 122 -85 78 154 
78 -59 117 41 -62 116 32 -87 91 10 -81 98 40 -73 57 113 -39 37 65 -95 48 -45 -162 35 
7 -136 7 46 -118 38 73 -99 41 0 -113 102 11 -107 80 25 -118 24 64 -145 27 15 -93 76 
-31 -99 117 31 -116 21 63 -126 -83 4 -125 9 55 -30 92 -16 -81 60 -28 -150 17 67 -117 35 
-9 -63 65 10 -63 63 25 -61 59 158 -106 1 -175 -168 102 -110 -73 116 63 -129 -41 173 -100 3 
-14 -143 137 -30 -234 15 55 -250 -96 107 -176 -96 191 -139 -93 31 -166 4 -181 -155 149 19 -149 25 
108 -183 59 21 -271 20 -36 -166 45 131 -96 103 165 -104 53 -51 -219 81 61 -136 -14 137 -172 -79 
-40 -43 119 174 -44 0 171 -85 -40 71 -82 9 -249 -86 173 -140 -25 209 -33 -101 68 15 -136 54 
309 -59 -41 116 -62 118 -145 -149 178 -90 -166 52 115 -164 0 206 -150 -25 39 -244 21 -26 -172 20 
145 -103 -34 32 -155 48 -3 -142 60 -10 -176 51 3 -155 45 30 -160 46 -21 -107 128 67 -94 38 
47 -174 29 84 -133 78 91 -153 47 79 -154 55 -53 -164 66 37 -80 69 28 -73 43 57 -24 36 
4 22 133 -33 -39 126 -38 -21 120 39 -38 96 119 18 84 -21 -50 155 -116 -153 149 95 -149 18 
131 -62 55 63 -58 79 -15 -105 114 57 -125 50 83 -127 22 37 -114 65 28 -119 1 16 -128 0 
0 -75 38 88 -77 -18 -12 -97 110 -69 -158 100 1 -206 -73 152 -97 51 75 -114 68 -1 -102 50 
20 -79 53 57 -105 54 -26 -125 39 -48 -55 32 99 14 43 94 1 61 -6 -14 146 21 -31 85 
-70 -101 103 -84 -124 76 -7 -22 72 97 -54 73 116 -59 40 -2 -89 103 -55 -39 119 19 -104 65 
-76 -107 120 140 -62 24 159 -76 51 63 -113 25 -23 -157 75 -13 -108 58 27 -151 33 -39 -186 7 
144 -49 63 71 -103 53 -32 -170 87 -100 -138 95 21 -93 30 64 -49 48 31 37 162 52 45 132 
51 -41 67 -15 -5 148 -132 46 200 -207 -8 179 18 27 88 248 39 35 228 2 76 -85 -68 159 
-152 -67 149 8 -54 80 -30 -77 138 39 -38 109 174 -96 -9 152 -105 29 37 -160 46 -251 -276 166 
70 -152 31 211 -147 -63 191 -156 -56 86 -131 38 0 -120 39 -70 -176 65 -109 -140 127 54 -41 122 
4 -154 61 -34 -131 102 35 -97 15 82 -146 5 -40 -139 98 40 -69 54 57 -61 50 25 -83 76 
23 -71 91 -13 -115 89 4 -101 79 9 -76 135 69 -116 94 59 -128 51 -21 -140 132 71 -116 73 
12 -132 84 -22 -140 104 108 -102 36 82 -146 85 -48 -233 74 39 -179 -6 -21 -128 91 81 -121 22 
-6 -87 117 138 -64 0 59 -168 50 -299 -230 184 -7 -26 164 236 -171 -115 125 -116 72 -20 -131 148 
-9 -128 29 60 -139 52 140 -126 -1 16 -141 1 11 -48 63 68 -62 60 -46 -66 191 16 -42 131 
-10 -187 61 10 -135 81 97 -129 54 16 -110 119 -3 -119 108 37 -155 7 36 -145 25 45 -110 75 
32 -127 70 7 -162 68 78 -196 -22 81 -138 23 -20 -126 129 12 -142 61 41 -141 30 93 -146 57 
52 -107 116 -94 -173 96 -51 -173 77 99 -152 14 138 -74 84 53 -90 131 -10 -72 85 41 -49 26 
9 -3 123 -4 8 139 -16 -49 121 31 -58 72 60 -37 93 13 -14 149 23 -33 81 21 -41 72 
-54 -86 110 66 -79 52 11 -97 138 27 -70 113 84 -73 38 -1 -103 118 41 -90 81 -19 -171 115 
83 -119 23 87 -125 28 30 -105 65 24 -124 65 -69 -170 91 -2 -155 107 71 -122 92 66 -141 55 
39 -128 78 55 -89 95 6 -93 126 14 -137 89 29 -93 81 100 -77 112 13 -96 80 -23 -98 71 
45 -11 170 36 -64 88 -56 -49 135 43 -22 133 -14 -54 87 -34 -26 194 16 -69 124 65 -133 32 
79 -72 89 -37 -98 150 -45 -110 122 122 -98 4 102 -97 27 26 -37 180 -66 -141 87 -59 -176 71 
141 -39 77 40 -126 43 -78 -109 114 -45 -100 146 80 -94 87 102 -98 132 48 -149 159 85 -197 10 
44 -91 29 46 -16 51 -105 5 111 -23 55 131 60 -28 102 -22 -72 134 -50 -38 148 38 -46 62 
46 -12 109 -9 24 157 -2 26 149 22 11 202 31 -25 153 16 -76 79 59 -32 79 57 -17 76 
-59 -132 150 -40 -81 92 82 -99 5 110 -99 -2 -46 -149 71 13 -92 64 59 -50 41 72 -96 85 
29 -147 74 -20 -178 67 67 -188 35 82 -123 57 70 -103 59 30 -112 74 -25 -82 114 -54 -110 65 
148 1 40 3 -34 101 -24 -59 121 -10 -92 83 18 -96 67 74 -49 81 -40 -31 158 -76 -61 171 
114 -62 44 59 -24 141 58 -72 101 -60 -117 157 -10 -68 124 110 -145 22 117 -107 32 -19 -97 165 
81 -186 -12 77 -142 28 63 -100 65 34 -103 66 -94 -153 136 -15 -122 136 156 -102 37 3 -164 74 
21 -110 116 19 -118 99 26 -157 56 61 -126 74 104 -98 78 83 -171 43 -89 -87 80 18 -53 69 
66 -21 73 -59 -81 107 -35 -59 155 27 -82 103 60 -52 96 52 -75 106 -15 -90 117 -8 -90 134 
19 -119 103 56 -128 29 52 -105 99 80 -46 135 16 -150 61 45 -144 81 35 -158 75 54 -166 -5 
13 -126 99 57 -94 100 107 -141 21 -30 -181 74 -50 -148 139 31 -145 44 -9 -155 5 8 -86 69 
82 -54 58 31 -66 145 -23 -152 98 -20 -161 100 -88 -162 69 75 -66 45 84 -70 54 51 1 105 
16 -52 77 40 -60 143 -3 -80 136 19 -95 99 22 -134 52 16 -88 85 23 -31 130 37 -24 98 
11 -36 82 26 5 155 10 -42 134 8 -114 107 19 -112 133 66 -94 60 87 -127 15 5 -115 113 
16 -129 90 121 -146 23 21 -162 79 21 -154 77 2 -110 108 37 -77 147 60 -84 131 7 -161 89 
73 -73 154 99 -86 105 19 -136 96 -30 -124 114 33 -61 101 51 -53 82 -12 -58 92 -36 -49 184 
120 -78 34 91 -52 104 -36 -81 156 -37 -59 105 90 -31 121 -48 -110 163 -2 -115 142 108 -82 67 
62 -98 77 -33 -113 111 -42 -95 131 58 -130 80 119 -155 18 81 -143 59 13 -135 109 19 -181 13 
-7 -141 96 59 -81 102 130 -72 97 5 -143 111 -45 -173 111 4 -124 86 47 -106 99 75 -104 88 
3 -104 154 75 -63 105 65 -95 127 -28 -75 140 15 -35 129 63 -48 109 50 -84 90 53 -105 133 
-20 -106 95 89 -36 105 83 -68 57 -30 -42 148 -49 -32 203 -9 -56 128 58 -77 111 107 -58 73 
-35 -53 117 -48 0 210 -11 -33 213 96 -46 142 102 -96 101 58 -69 141 33 -123 101 -25 -148 121 
75 -192 3 113 -160 37 21 -158 72 7 -149 71 22 -132 84 10 -69 138 46 -33 106 7 -63 123 
0 -87 168 88 -93 83 35 -128 55 49 -70 117 94 -74 57 -10 -92 79 -24 37 133 14 23 131 
4 -7 99 -63 20 180 -5 5 178 24 -2 148 83 -10 144 -6 -95 129 -4 -93 107 46 -81 63 
45 -69 79 -17 -105 80 52 -44 114 51 -71 123 10 -148 141 40 -160 78 52 -171 32 81 -169 5 
38 -171 40 -16 -171 97 85 -134 61 150 -116 62 -75 -241 56 -68 -265 -10 -14 -158 93 117 -139 54 
174 -164 -11 114 -144 83 127 -137 -11 -114 -234 123 -596 -81 363 23 -43 118 291 -126 -11 143 -66 -30 
42 74 198 -112 -133 90 -143 -96 118 72 0 63 136 -3 -20 66 -6 70 13 23 112 5 -43 126 
-21 -74 144 -35 -1 145 -67 0 154 38 -23 97 48 -46 58 112 -34 98 10 -73 107 -9 -126 57 
82 -174 -22 18 -138 18 -16 -127 62 -41 -155 5 20 -141 5 56 -146 -14 20 -125 24 -32 -103 84 
75 -68 118 45 -124 84 74 -169 87 17 -169 102 70 -192 37 68 -150 37 55 -92 56 40 -31 58 
-77 -80 129 -19 -41 113 49 -85 80 4 -50 95 -14 -28 104 -22 -54 75 1 -21 134 105 -4 80 
3 -15 116 1 -24 112 -32 -69 106 55 -60 113 80 -30 102 81 -116 102 123 -131 7 108 -176 6 
-46 -187 58 -35 -172 73 94 -114 37 99 -146 47 123 -95 29 67 -150 24 -99 -164 98 42 -25 156 
79 -117 74 14 -83 124 -26 -83 137 -8 -109 84 67 -94 56 115 -71 80 20 -64 141 13 -59 146 
-43 -138 117 7 -99 71 212 10 70 20 -79 85 -52 -58 154 -37 -47 158 -61 -116 172 54 -84 146 
31 -103 132 -51 -94 184 116 -88 109 79 -126 89 43 -95 150 73 -112 83 23 -116 123 -11 -122 169 
16 -133 156 88 -128 106 94 -136 104 29 -138 127 58 -138 143 30 -177 115 134 -167 39 123 -174 35 
17 -128 128 0 -83 136 -15 -101 161 35 -65 184 99 -56 120 35 -66 112 -47 -56 151 -31 6 179 
60 -19 150 78 -26 108 39 -9 136 18 -35 104 -63 -82 110 -53 -28 139 -29 -65 118 99 -14 135 
2 -111 93 -42 -24 140 0 -9 189 93 -11 165 156 -5 140 -18 -65 243 -186 -157 193 5 -89 87 
62 -56 108 124 -14 87 117 -63 112 3 -101 169 12 -145 134 55 -190 13 -26 -204 109 -50 -164 111 
64 -89 74 117 -110 77 108 -97 69 88 -72 140 -88 -179 104 -85 -145 127 30 -124 88 33 -107 103 
97 -120 63 19 -137 75 -3 -88 123 42 -24 80 30 18 214 12 -25 91 -36 -6 142 -48 -22 112 
16 18 138 23 38 183 -71 -25 161 25 -19 162 106 -52 102 153 -40 96 31 -107 106 -65 -167 132 
10 -160 79 90 -103 51 88 -85 111 98 -71 92 82 -111 55 55 -130 86 -60 -168 101 -52 -81 136 
-57 -147 61 41 -98 68 73 -71 87 83 -91 97 28 -135 87 17 -145 127 -24 -152 110 73 -124 76 
129 -54 100 10 -117 118 -3 -52 130 -37 -100 105 184 27 41 -25 30 258 -69 76 229 -10 110 214 
62 33 163 -41 9 296 -86 -23 223 12 -86 183 323 1 64 232 -48 34 -109 -178 194 -21 -25 204 
75 -136 68 20 -98 124 37 -74 98 84 -41 145 67 -73 139 59 -187 72 77 -173 -22 113 -65 -3 
-115 -132 142 -110 -88 204 29 -199 9 233 -66 29 367 -60 10 -193 -309 173 -475 -217 194 58 -23 -35 
326 14 4 -31 -79 65 -398 -149 162 109 186 37 117 -110 -9 -93 -169 -13 1 70 254 12 68 136 
129 -140 -67 -119 -126 157 125 86 78 -101 -444 20 -536 -72 115 303 51 160 355 -138 -77 -119 -186 61 
-167 33 109 236 45 -15 198 7 -56 27 -1 75 -183 22 128 -106 41 163 -47 17 169 97 -8 76 
-4 -26 88 35 -29 73 59 -19 132 10 -71 94 -1 -102 65 33 -104 81 24 -110 92 15 -138 95 
72 -150 70 149 -158 -3 105 -240 -32 21 -206 51 -4 -217 25 -7 -183 37 30 -158 38 10 -155 51 
97 -48 88 55 -120 53 27 -110 95 19 -114 67 5 -97 75 -22 -97 87 -41 -94 43 84 -62 33 
8 0 118 -20 102 268 -16 47 209 -33 -41 208 91 -79 109 87 -136 59 18 -87 144 -18 -73 105 
116 -72 37 17 -103 78 -63 -94 107 -39 -64 96 43 -61 37 66 -76 78 4 -82 214 -19 -161 124 
27 -187 96 67 -140 104 40 -213 59 -101 -257 71 39 -113 124 94 -211 33 123 -153 112 62 -134 205 
38 -157 56 54 -69 105 56 -109 60 -10 12 144 -28 -7 148 9 -57 89 305 -7 -31 -272 -12 346 
147 51 133 154 -155 3 72 -161 165 128 -52 123 16 -88 117 -153 -39 244 35 -64 101 90 -30 96 
152 20 124 65 -113 144 -99 -187 156 -27 -149 139 143 -126 23 157 -126 48 59 -172 102 -2 -148 101 
53 -171 57 80 -121 92 -22 -124 142 10 -143 104 35 -142 82 27 -85 107 91 -30 125 29 -64 138 
-15 -115 173 -20 -176 138 132 -94 78 85 -102 98 0 -100 140 -18 -79 183 94 -70 132 60 -133 73 
63 -66 47 27 -1 160 -34 -16 180 -8 26 202 108 -12 116 60 -20 141 39 33 205 -89 -64 185 
8 -60 193 109 -113 96 113 -103 73 24 -142 92 13 -82 118 29 -57 135 70 -93 128 -24 -151 158 
55 -169 42 46 -153 122 16 -155 135 72 -175 55 159 -102 68 104 -145 126 19 -99 101 -11 -130 107 
-52 -63 135 70 -120 37 70 -80 61 60 -11 167 117 -107 79 55 -173 29 -13 -127 99 -20 -85 81 
91 -42 63 -70 -32 -16 -67 22 172 -5 -73 -26 9 -37 82 28 -14 168 57 -57 62 16 -87 19 
-121 -90 0 40 -106 -47 128 -14 55 57 -153 5 -40 -200 -28 15 -109 -1 46 -54 24 74 -58 175 
-44 -191 70 26 -168 3 63 -139 -29 47 -95 10 -20 -69 111 -34 -94 101 -18 -117 112 3 -151 38 
33 -111 39 52 -93 88 87 -186 -19 -33 -209 -9 19 -210 42 126 -154 -13 116 -135 -17 -9 -124 68 
-60 -153 11 -31 -121 -7 90 -121 -56 84 -60 -4 -17 -55 57 -41 -3 72 -11 -33 65 12 -91 35 
-14 -112 14 -69 -72 -22 -100 -59 -8 -57 7 10 99 47 44 41 35 48 -25 -21 13 -44 -88 1 
39 -50 6 93 -74 -5 30 -102 -9 -12 -119 -23 50 -121 -35 57 -129 -74 29 -94 -137 34 -79 -115 
-15 -40 -22 -47 -86 -32 -41 -100 -120 -3 -64 -130 48 -27 -90 -26 -40 -57 -63 -44 -41 -102 -3 6 
53 -97 -106 61 -61 -67 -41 -83 -88 -72 -80 -38 -9 -68 -23 75 -117 -53 81 -150 -93 31 -169 -83 
34 -197 -132 25 -125 -132 -24 -93 -115 13 -22 -84 -53 -37 -54 -67 -75 -23 -21 -79 -57 11 -80 -12 
22 -66 28 15 -87 25 62 -129 -19 93 -142 9 28 -198 -39 8 -51 21 61 -14 2 76 -91 8 
-25 -103 78 37 -114 42 42 -98 -21 34 -108 -35 -3 -61 36 -3 -10 77 20 -73 22 2 -80 -19 
-84 -102 -64 -8 -39 -46 -4 -17 -45 -37 -18 9 -16 -67 -76 29 -143 -157 -7 -72 -114 -23 -30 -101 
-33 6 -104 -55 -46 -118 -18 -42 -98 -44 -34 -92 -5 -2 -25 -15 -38 -62 -2 -35 -11 -1 -64 -14 
19 -103 -24 26 -93 -38 36 -90 14 1 -95 -6 54 -100 30 25 -132 42 72 -153 4 33 -151 -26 
-22 -187 -40 -10 -95 39 75 -99 -30 34 -148 -58 31 -198 -126 -28 -179 -95 -41 -47 -10 23 7 45 
-7 -49 8 -40 -105 -40 -24 -67 36 24 -49 17 -3 -91 13 24 -63 -24 32 -77 -122 33 -150 -78 
-3 -131 -30 25 -111 -10 55 -115 -3 44 -205 -14 85 -193 -63 115 -127 -22 72 -110 -37 23 -136 -92 
-18 -258 3 -21 -208 19 59 -210 -242 26 -137 -104 21 -104 -98 80 -237 -163 43 -231 -128 -7 -162 -50 
-11 -265 -197 -5 -182 -202 -8 -218 -263 13 -153 -280 128 -44 -121 77 -48 2 26 -196 -128 -103 -176 -180 
51 -44 -102 15 -65 -62 -28 -135 -119 51 -131 -108 38 -153 -188 -9 -103 -99 -108 -110 -62 37 -295 -306 
33 152 -18 179 -82 -183 86 -107 -208 -139 -74 -87 -8 -40 -48 157 -57 -98 -606 -309 217 169 16 -137 
338 -83 -239 6 -154 7 -275 -140 116 10 -80 -20 91 -136 -76 4 -181 -88 -24 -119 -10 65 -38 74 
81 -75 64 98 -57 12 55 -41 12 36 5 51 -89 26 24 -177 2 -100 14 -8 -135 79 8 -52 
-99 63 147 0 68 27 77 2 -30 -64 -25 87 -174 -94 18 -42 -21 -26 156 34 -10 3 48 121 
-84 -68 34 -56 -37 74 68 -68 26 143 -94 -27 58 -102 34 -61 -85 107 -51 -126 79 -66 -105 118 
127 -85 20 63 -48 2 50 -33 -6 -24 -86 -8 -46 -39 44 -29 -55 20 -20 -127 5 -2 -118 23 
72 -63 -6 -50 -55 34 -40 -53 67 -53 -28 26 53 -65 -36 25 -63 1 15 -46 19 -8 -21 14 
-11 2 92 31 -5 38 8 -28 37 -128 -68 99 -52 -38 91 133 -53 -13 52 -110 29 -34 -75 14 
0 -91 -10 55 -142 -37 21 -140 -38 -28 -189 -34 43 -154 -81 19 -113 4 -1 -84 5 90 -115 -61 
-23 -99 -12 -30 -9 -11 -13 -21 -8 -91 -35 -29 31 20 11 45 2 -30 -16 -65 21 15 -136 -56 
36 -110 -107 69 -79 -86 -54 -109 -38 -136 -71 -13 38 19 0 48 -30 -33 4 -76 -9 10 -85 11 
-26 -136 -87 23 -122 -78 23 -70 -82 6 -47 -20 22 -32 2 -24 -34 -2 -7 -34 59 14 -97 -17 
-65 -58 65 -31 -122 -43 29 -90 -61 132 -21 -62 42 0 -8 -30 -18 25 -130 -118 26 -27 -167 -29 
137 -109 -114 68 -127 -94 -12 -128 -42 -61 -134 -33 -1 -146 -75 15 -97 -38 31 -100 -10 18 -97 8 
1 -100 -1 -21 -116 -17 49 -144 -49 28 -144 -40 41 -87 -17 16 -106 -38 -53 -134 -27 12 -41 -13 
97 -11 -37 -39 -42 -53 -99 -45 4 -39 -18 69 22 -99 -82 27 -67 -73 -18 -51 -26 -3 7 21 
0 -55 4 -28 -105 3 -2 -113 -13 11 -96 -46 -9 -83 0 -5 -69 -4 -38 -107 -55 35 -66 -56 
36 -104 -18 29 -143 0 -75 -224 -36 -40 -174 -32 100 -94 -49 114 -121 -70 37 -198 -46 -142 -174 -54 
42 -94 -44 100 -91 -47 -21 -105 -17 -132 -124 35 11 -34 -16 121 -27 -39 -24 -96 1 -10 -87 -80 
-37 -62 -45 8 -15 -34 14 -33 -25 -51 -64 -59 -4 -25 -51 166 68 76 -24 28 92 -171 -29 54 
-44 -4 3 -57 30 10 -8 -33 -53 -58 -1 14 -38 -58 15 27 -77 -21 61 -79 -75 -28 -120 -55 
127 -30 3 -62 -59 40 -15 -73 37 50 -97 -27 89 -81 -4 46 -78 -30 -79 -63 37 -42 -101 -25 
60 -114 -50 31 -67 58 -44 -102 48 -19 -120 41 5 -125 4 65 -89 -30 35 -110 -27 -20 -130 -14 
-16 -74 5 90 -58 45 45 -115 55 41 -47 81 42 -61 47 -60 -44 87 33 -68 42 6 -94 77 
-17 -64 -32 -1 17 212 13 -30 88 -17 -18 97 -11 -58 76 -18 -78 -9 -9 -6 69 1 -3 157 
36 -39 102 33 -27 118 -5 -21 160 40 -88 85 60 -77 105 43 -92 94 56 -129 20 38 -149 16 
0 -106 57 -2 -77 112 31 -21 181 -7 -133 131 21 -151 85 96 -152 2 57 -181 -2 -22 -100 134 
-11 -125 52 11 -72 42 0 -53 114 26 -46 130 76 -157 44 90 -120 65 56 -196 60 28 -91 35 
66 -62 -14 -20 27 53 -56 27 54 -83 -8 8 -29 -4 45 40 15 43 38 28 75 -73 -21 73 
-37 -18 84 48 -32 42 67 -8 17 12 -18 63 -55 0 91 -75 -4 129 -73 -46 129 18 -4 39 
82 -48 111 -7 -145 108 10 -135 78 51 -113 51 63 -163 4 93 -133 43 76 -75 13 -1 -140 32 
-35 -120 122 2 -93 121 29 -149 108 65 -131 115 41 -191 60 80 -166 66 79 -145 96 44 -176 69 
21 -169 92 41 -144 107 53 -60 152 8 -79 113 35 -94 130 2 -136 144 57 -148 89 108 -71 3 
-54 -70 88 -71 1 106 16 9 100 70 0 107 53 -34 117 0 -43 154 0 -89 112 24 -62 111 
50 -56 83 31 -46 47 14 -49 77 0 -33 102 6 -12 129 -6 -35 120 18 -48 135 39 -85 86 
61 -91 60 10 -121 69 -13 -137 55 33 -116 69 35 -93 66 50 -110 51 14 -141 9 2 -188 -2 
23 -153 27 54 -141 72 50 -165 55 9 -202 94 16 -212 53 41 -173 32 94 -119 35 37 -111 86 
26 -126 102 73 -174 44 71 -197 27 61 -151 35 44 -159 32 62 -139 -10 42 -119 56 5 -125 43 
-5 -13 74 0 -44 93 24 -49 50 5 -94 21 -26 -102 25 -11 -77 55 31 -54 68 18 -60 38 
-7 -105 22 5 -103 28 62 -69 20 34 -73 54 -10 -94 110 14 -113 108 39 -128 88 65 -174 31 
74 -190 0 51 -192 -18 15 -151 34 37 -134 22 11 -137 55 4 -142 54 4 -144 62 45 -125 75 
16 -152 50 14 -138 79 44 -91 60 37 -127 37 8 -110 78 10 -118 86 53 -99 65 55 -108 65 
27 -126 80 57 -80 22 8 -59 91 6 -56 63 5 -77 48 -4 -69 87 -16 -86 85 0 -57 89 
-6 -66 86 30 -51 70 71 -24 64 15 -72 49 -40 -73 104 49 -55 89 13 -100 29 10 -133 67 
18 -123 103 52 -108 69 96 -139 41 91 -185 28 28 -190 12 -41 -186 42 71 -125 16 80 -117 37 
-1 -113 92 -53 -123 72 55 -91 49 67 -104 64 39 -70 84 17 -121 66 -11 -165 28 30 -148 31 
56 -67 50 60 -42 54 34 -47 72 10 -62 95 -55 -70 59 10 -23 55 35 -4 -4 -31 65 62 
-22 -26 97 -40 -91 26 66 -55 46 29 -54 24 41 -53 2 -10 -29 17 2 -75 30 -66 -49 23 
-25 -44 -15 56 49 52 -1 10 38 50 99 116 -1 -4 44 -47 -81 -2 -40 -24 79 -50 -101 67 
24 -54 40 114 -83 -22 90 -154 -88 39 -158 -98 19 -191 -150 -144 -202 -144 -120 -47 135 -28 -85 94 
-24 -198 -11 35 -280 -88 120 -175 -33 142 -95 20 61 -90 69 -118 -110 135 7 -41 100 94 19 64 
123 48 96 -90 50 151 -131 47 163 -40 13 71 46 -43 -10 -58 7 95 -42 30 124 28 -7 64 
72 -6 57 29 24 66 19 25 85 -18 -2 115 -60 -2 137 -104 -46 177 44 -10 173 237 23 86 
106 -149 106 86 -199 56 -16 -214 35 -94 -250 50 -47 -223 48 122 -164 37 122 -189 2 56 -190 33 
8 -261 -1 19 -243 70 115 -161 40 103 -180 8 42 -203 31 30 -222 102 82 -219 98 138 -207 50 
92 -211 79 76 -152 84 104 -129 83 52 -105 11 -35 -87 113 -37 -84 69 -7 -73 70 17 -103 72 
32 -60 63 37 -52 88 -3 -95 69 18 -26 157 44 -71 107 -15 -75 87 85 -64 98 99 -48 82 
-18 -112 122 -15 -115 75 75 -94 31 87 -56 38 86 -33 81 -47 -97 126 -48 -147 93 59 -103 61 
122 -138 -15 8 -144 23 -8 -118 59 -31 -142 97 75 -112 60 84 -134 39 33 -158 22 -3 -125 58 
-10 -114 38 19 -90 74 82 -60 26 70 -115 -17 37 -111 11 -103 -109 66 -6 -54 63 56 -37 24 
42 0 64 -48 -24 47 -50 -41 99 -45 -21 92 55 20 82 58 -34 38 3 -35 63 -14 -6 85 
8 -11 74 12 -32 85 33 -29 121 38 -53 63 -36 -39 85 -72 -32 94 23 -16 60 108 -6 39 
-48 -111 22 -35 -98 25 18 -55 61 47 -55 63 50 -78 36 -23 -181 1 55 -95 -29 140 7 43 
-114 -87 96 -131 -87 78 109 -69 24 158 -31 16 53 -49 42 -139 -74 69 -89 -62 95 33 -61 67 
69 -11 14 -105 -70 6 -103 -35 41 157 91 75 102 -2 18 -77 -81 10 -92 -27 25 -76 21 136 
144 21 70 4 -120 40 -215 -148 98 139 -24 3 163 -2 51 -150 -104 133 -21 -77 36 136 -20 6 
164 -37 28 -64 -85 126 -282 -210 153 -47 -94 -23 223 -10 13 88 -78 11 -13 -129 44 30 -63 18 
-46 -146 78 -73 -104 125 -8 -61 92 106 -96 -12 120 -76 -12 46 -37 36 -152 -92 114 47 -42 29 
57 -117 25 0 -116 -37 0 -23 16 -76 77 89 -51 91 49 -21 36 12 3 17 13 56 18 14 
-114 -1 67 -31 8 34 -19 -12 46 8 12 53 60 -1 23 -28 -51 55 -24 -59 38 31 -66 52 
30 -120 -15 34 -132 -14 35 -127 -7 66 -113 -17 34 -77 -20 -22 -82 39 -39 -86 41 -18 -98 39 
17 -110 37 29 -118 16 90 -126 -8 -32 -163 22 -37 -165 2 70 -75 56 9 -118 19 21 -123 -22 
68 -73 -17 75 -20 -1 20 -46 18 -104 -81 23 -65 41 84 41 -24 37 -50 -35 -79 -34 4 56 
64 29 -27 -36 57 57 -38 52 128 -37 -51 46 19 -50 25 34 -94 -14 11 -143 -69 -13 -99 -12 
86 91 81 22 -33 13 -8 -30 39 -88 -85 6 0 -110 59 35 -75 13 19 -79 78 22 -125 -9 
35 -95 -24 -1 -101 45 53 -27 26 -22 -137 47 -89 -75 131 56 -65 67 32 -93 23 80 -39 -6 
-73 -35 68 0 42 170 19 -7 118 68 -39 20 26 -101 25 54 -119 2 -75 -68 92 -15 -44 129 
60 -222 44 -27 -152 57 24 -106 84 80 33 107 67 -18 87 84 -103 54 9 -137 48 -41 -130 67 
-18 -80 94 19 -52 83 50 -64 86 76 -60 82 -66 -108 112 38 -123 63 142 -53 9 23 -194 19 
-38 -138 -32 35 -18 74 -20 -45 126 36 -76 63 -19 -145 50 6 -159 -12 54 -80 48 43 -66 80 
36 -63 96 3 -81 63 -27 -77 1 -33 -38 55 -29 13 71 -8 -47 23 -46 13 113 20 13 134 
-2 -31 82 -16 -19 103 37 -47 15 53 -72 17 39 -29 49 -106 -73 128 -36 -59 114 15 -131 49 
123 -70 9 46 -114 12 38 -193 7 25 -198 -32 13 -121 80 54 -127 41 93 -232 -16 73 -190 3 
10 -164 14 43 -105 24 -4 -118 32 -52 -33 100 -20 -48 137 12 -102 55 80 -38 107 72 -90 74 
-8 -163 67 -27 -155 50 72 -71 52 82 -119 11 38 -121 50 -11 -163 -1 -44 -117 -28 20 -70 56 
43 22 94 33 -23 101 -4 -127 109 -8 -119 170 31 -122 114 42 -134 37 61 -92 66 31 -87 33 
30 -65 93 5 -63 112 14 -71 93 98 -112 83 89 -229 5 -4 -192 47 55 -209 50 37 -223 4 
96 -195 -26 80 -180 -21 -9 -199 30 17 -118 46 29 -111 66 36 -98 78 63 -62 92 17 -62 110 
-51 -60 116 22 -65 78 127 -57 50 109 -91 72 7 -7 148 -19 23 160 -45 99 183 26 109 128 
-8 10 85 -94 11 146 -21 -26 93 68 -51 49 41 -36 108 46 -20 55 -19 -84 20 -54 -57 59 
25 -42 60 35 -54 53 -2 -65 72 -7 -67 78 72 -81 124 50 -167 34 97 -187 -27 111 -140 -53 
-56 -147 -4 -45 -103 26 35 -73 48 37 -121 32 49 -106 21 13 -117 54 -78 -120 81 86 -121 13 
40 -151 -2 27 -94 -1 -22 -140 44 -16 -71 -7 31 -10 21 74 45 -2 -21 75 106 -51 12 108 
-52 -35 63 -10 -2 -8 18 -8 -5 3 31 8 -56 -4 22 -66 8 12 -15 26 15 -15 -9 24 
-75 -53 34 48 -38 -24 43 -30 -15 43 -28 5 50 -44 32 -38 -92 57 30 -108 52 7 -196 1 
73 -141 -9 115 -217 -78 0 -211 -47 -107 -167 72 -39 -188 15 -22 -243 16 81 -124 -30 131 -78 -38 
94 -183 -129 51 -189 -131 35 -105 -49 22 -3 57 -36 -16 20 -57 14 86 55 49 75 93 18 -7 
-174 69 59 -245 132 114 -49 70 32 40 -3 -45 99 42 -11 73 74 83 101 24 49 -86 -77 39 
-196 -190 73 81 -162 -1 170 -82 24 88 -126 37 109 -111 11 156 -115 -1 41 -127 61 -2 -125 87 
-238 -273 68 -23 -158 51 326 -66 -103 347 -89 -106 148 -132 -20 -195 -254 81 -252 -218 34 51 -257 -25 
136 -168 -47 140 -70 32 -56 -153 34 -52 -183 15 29 -83 14 99 -31 21 44 -47 35 11 8 114 
-38 -65 95 44 -54 79 71 -82 5 59 -7 58 -57 36 102 -68 62 152 22 -18 78 -34 -26 101 
115 -16 55 112 -48 19 44 -37 173 -94 -89 133 -51 -139 64 48 -94 -33 108 -70 -21 48 -64 3 
-28 -58 96 -56 -32 121 69 -28 144 160 -59 121 100 -179 -1 -33 -173 58 -24 -146 53 59 -111 19 
44 -115 41 16 -143 88 28 -127 57 43 -151 46 65 -176 5 56 -191 -15 -14 -124 60 55 -170 83 
64 -119 62 7 -96 57 -1 -124 66 15 -101 52 65 -67 49 55 -77 60 91 -75 59 68 -104 7 
-43 -66 106 -52 -91 75 2 -36 58 24 -37 69 28 -18 66 57 -19 100 -23 -43 81 -69 -76 113 
38 19 152 -4 -69 65 -34 -92 10 21 -23 117 69 -96 -44 201 -28 57 -54 -40 198 -126 -257 57 
90 -64 74 186 -31 91 85 -113 -97 -32 -107 75 -100 -161 104 -8 -167 -41 33 0 35 60 -55 -28 
-34 -65 32 -47 -90 45 17 -131 -71 51 -29 -52 92 -26 -28 -61 -20 -88 -114 -6 -64 -113 69 -71 
72 50 67 -42 7 99 -104 -43 57 9 -64 -65 38 -49 -15 -18 -163 8 12 -99 9 101 -117 -70 
-7 -170 -47 -1 -103 54 32 -109 25 67 -93 -15 45 -75 -26 -30 -108 11 6 -43 72 37 -75 72 
6 -124 32 26 -108 13 10 -50 84 33 -41 52 17 -62 60 -38 -71 102 -23 -70 87 55 -103 91 
100 -135 46 45 -146 -3 -34 -111 11 -15 -59 90 64 -58 103 95 -90 78 13 -170 27 -12 -169 3 
42 -113 23 44 -124 31 37 -108 28 -4 -110 64 -20 -111 53 13 -86 46 8 -110 27 43 -69 60 
11 -83 41 -84 -116 66 -3 -28 22 85 -5 33 56 49 48 -18 54 123 -21 -18 62 -61 -34 20 
5 28 58 1 21 55 -29 7 62 5 32 61 15 46 101 -23 -9 75 0 -8 117 -66 -71 10 
32 -67 14 104 -54 14 55 -69 12 -11 -39 69 49 13 94 63 -4 93 -73 -205 44 -102 -260 -50 
127 -22 42 146 -27 -28 7 -104 52 -88 -191 75 77 -116 -29 177 -85 -33 -68 -156 21 -300 -104 168 
103 -90 -7 212 -47 -7 49 -75 14 -44 -93 45 -86 -65 56 -37 -31 74 39 2 42 84 -16 20 
-28 -1 77 -34 -21 7 -42 -6 51 -38 -14 83 17 -2 86 45 11 78 20 -34 42 0 -46 83 
30 -64 25 34 -56 46 -36 -74 47 -19 -74 55 10 -67 69 72 -68 25 91 -106 8 17 -137 74 
52 -153 12 18 -140 19 22 -149 49 31 -156 30 52 -184 17 19 -199 -17 53 -195 14 35 -132 81 
44 -112 65 19 -194 52 6 -203 16 84 -121 24 64 -100 13 32 -94 67 -53 -61 105 -12 -56 61 
32 -29 5 16 10 121 32 -36 64 -38 -73 58 -22 -55 89 33 -42 73 35 -40 82 -23 -57 81 
-1 -62 104 38 -100 5 83 -36 69 53 -58 61 -41 -110 97 10 -114 76 -18 -176 47 103 -143 -19 
38 -129 30 44 -177 13 16 -172 33 113 -98 46 64 -127 65 8 -156 56 -77 -130 42 -26 -70 85 
53 -51 80 51 -55 98 8 -170 17 -22 -164 20 -9 -114 69 18 -80 70 12 -61 51 -3 -63 38 
59 -46 50 80 -38 59 27 -56 21 -37 -16 78 -87 23 158 -40 -97 -11 0 -33 66 48 17 117 
93 -75 25 -63 -83 69 12 -81 118 12 -92 48 26 -93 72 0 -67 138 -10 -181 82 65 -179 -2 
96 -125 39 97 -112 21 33 -152 8 -30 -155 92 27 -172 27 122 -133 25 9 -186 65 -24 -218 34 
-11 -150 35 126 -136 46 51 -145 19 8 -148 73 -42 -174 78 78 -124 100 86 -132 100 17 -101 9 
28 -35 -4 50 52 38 -18 87 199 -53 33 107 -72 31 144 24 32 146 48 -8 103 54 -26 69 
18 -34 110 -17 -82 46 -70 -66 117 17 -23 113 31 -89 55 98 -95 50 98 -75 67 32 -106 42 
-46 -114 105 -9 -141 114 169 -112 0 133 -145 45 9 -166 96 -29 -176 87 0 -186 86 85 -155 45 
85 -243 -14 -5 -253 35 26 -188 41 65 -149 43 117 -131 10 107 -135 42 -36 -133 79 -52 -114 112 
53 -63 70 35 -45 82 23 -19 64 10 12 131 -40 -5 162 47 -10 146 8 -48 110 -7 -23 158 
-14 -109 127 20 -75 136 65 -80 69 73 -93 72 40 -96 114 -8 -108 108 26 -143 70 23 -125 88 
37 -88 92 4 -115 181 38 -118 118 143 -130 101 136 -147 54 30 -132 95 -116 -146 168 -93 -247 11 
161 -104 75 111 -119 61 192 -101 15 -78 -153 125 -145 -182 161 49 -153 32 55 -156 2 45 -107 34 
44 -76 46 39 -51 100 -20 -80 46 9 -27 17 11 13 105 -105 -12 157 -52 -55 107 30 -11 116 
100 -33 45 93 -48 97 -23 -70 138 -109 -116 146 48 -70 61 71 -91 66 103 -81 77 107 -117 29 
33 -140 111 -15 -143 68 37 -163 35 28 -166 26 62 -138 20 95 -139 -8 24 -204 8 46 -234 8 
95 -159 22 62 -154 24 -1 -187 42 -81 -169 59 55 -84 71 9 -107 41 26 -138 43 17 -114 39 
130 -54 25 68 -112 0 -114 -81 33 -49 25 140 96 23 73 48 0 40 -63 -57 105 -28 26 82 
2 -29 53 45 -29 51 18 -38 81 34 -94 30 -15 -159 45 -54 -134 85 76 -67 59 96 -37 55 
-4 -73 97 6 -129 127 77 -149 16 80 -199 10 89 -179 17 42 -123 80 53 -203 55 -43 -230 29 
50 -167 30 126 -141 0 103 -90 11 -24 -129 121 -10 -106 91 81 -120 54 21 -124 71 6 -152 85 
14 -146 61 26 -74 54 36 -98 0 36 -98 10 88 -29 45 -7 -22 104 -65 -46 124 -47 -69 74 
45 -35 94 77 -90 83 10 -114 120 28 -97 109 54 -153 39 72 -78 111 45 -75 116 -55 -182 78 
49 -92 47 91 -144 49 110 -139 25 2 -161 64 -9 -147 80 103 -119 48 89 -163 9 -44 -170 112 
23 -149 72 95 -133 53 81 -135 38 -24 -123 85 -60 -114 73 -14 -104 67 101 17 71 46 -33 64 
38 -68 50 -36 -40 101 -40 -35 81 -32 -50 106 17 -6 123 13 -26 69 21 -30 36 -5 25 58 
21 46 75 -60 48 153 -77 29 182 -13 -18 139 85 -52 119 83 -48 96 90 -66 63 -7 -50 121 
-3 -69 96 39 -81 72 56 -111 78 60 -162 26 56 -153 4 9 -190 39 50 -142 14 95 -133 23 
24 -148 31 -55 -118 62 -21 -161 93 26 -145 56 107 -132 74 40 -202 -26 0 -174 -18 -1 -90 52 
50 -19 106 16 -107 80 -56 -91 58 62 -55 1 -11 -11 85 18 13 78 -30 40 111 -24 3 125 
-13 -36 127 -20 -44 125 75 -14 122 59 -47 65 34 -64 68 4 -35 123 -24 -66 104 41 -27 89 
18 -86 101 30 -59 93 0 -107 82 46 -102 41 78 -104 55 8 -88 95 -29 -131 89 11 -141 81 
106 -146 7 105 -144 -27 38 -183 6 -126 -113 72 20 -37 98 37 -87 35 26 -45 69 1 -51 88 
-13 -66 108 -14 -70 71 31 -28 47 68 28 90 16 -1 84 -85 36 36 -38 -6 116 8 0 111 
52 -26 86 24 -69 51 -67 -46 112 8 -7 131 47 3 68 30 -77 53 11 -56 91 17 -12 122 
-5 -67 141 43 -94 85 30 -112 70 100 -84 66 46 -111 55 -50 -158 101 -5 -128 96 99 -140 42 
42 -213 31 2 -194 30 -44 -205 58 85 -94 51 57 -81 39 22 -104 155 33 -91 62 3 -83 121 
55 -84 129 45 -84 97 67 -97 79 -5 -108 85 15 -67 64 33 0 135 64 -47 96 4 -83 55 
-32 -69 91 39 -25 89 58 18 175 9 -85 111 58 -101 72 0 -116 86 -14 -85 128 55 -48 130 
8 -101 128 49 -97 111 35 -118 85 60 -128 72 54 -132 92 75 -168 49 12 -182 61 50 -134 61 
29 -142 82 -46 -212 80 35 -138 63 41 -142 50 9 -163 101 46 -151 98 19 -167 64 28 -137 73 
66 -87 78 48 -82 95 4 -81 102 14 -82 107 64 -112 71 47 -96 33 30 -76 67 -51 -59 43 
-8 9 76 38 4 81 9 -11 74 -55 -9 145 11 3 151 61 -63 97 -3 -73 113 -25 -75 127 
68 -64 81 85 -125 57 59 -107 128 11 -96 136 84 -136 24 32 -79 120 -66 -184 48 72 -124 57 
49 -135 72 46 -115 67 6 -142 150 41 -178 90 75 -135 51 77 -119 42 41 -127 89 -3 -141 99 
-13 -226 98 126 -142 99 170 -174 27 87 -249 -40 32 -210 10 -66 -168 76 32 -71 104 65 -50 110 
18 -94 105 -16 -112 93 -13 -100 99 5 -76 109 71 -113 69 18 -65 128 16 -66 142 67 -58 160 
36 -154 95 86 -116 118 60 -150 55 -12 -151 89 -6 -94 144 56 -95 100 50 -147 88 112 -149 83 
