12 27 11 6 15 -3 26 34 10 17 26 13 30 13 19 34 31 -36 -14 25 -45 -30 21 -10  -> n
28 19 -29 18 3 -48 39 -8 -60 36 31 -9 34 9 -20 28 -16 -55 -22 34 -29 9 8 12  -> n
-13 143 133 -15 133 17 -14 174 126 -36 98 72 -75 170 81 -50 120 161 -12 69 143 -29 42 102  -> r
177 -51 142 -53 -66 -34 -188 -47 33 -144 -125 7 61 -155 138 123 -113 61 47 -178 47 -59 -110 97  -> r
-89 19 57 -43 14 63 -8 7 86 46 -112 72 -67 -3 132 -20 -144 120 -21 57 7 -123 -62 -8  -> r
34 -85 176 15 -41 -7 -58 -81 8 -24 -55 38 2 -101 52 44 -88 88 19 -120 92 -40 -43 10  -> r
-81 -163 88 0 -181 43 -33 -151 31 52 -17 -8 -47 -132 -4 54 -56 31 -19 -159 69 -79 -147 -16  -> r
-78 -89 33 -9 -72 114 153 -99 21 96 23 49 53 -75 -21 -86 -24 -13 -39 -25 -81 0 -95 25  -> r
22 -173 72 48 -133 -34 22 -88 -2 -47 -88 -6 -39 -73 38 -6 -38 26 24 -111 17 141 -75 114  -> r
60 -71 16 92 -79 15 -6 -20 -8 -59 -105 -45 -83 -47 42 39 -140 -9 22 -83 36 50 -77 -25  -> r
-112 -125 -99 -31 -42 14 120 -21 -69 91 -106 31 35 1 140 40 -145 -98 -20 -69 -53 -45 -92 16  -> r
-81 -3 -49 43 -19 -59 80 -126 -124 89 -28 2 66 -50 -59 -79 -198 -26 -123 -101 34 174 -213 64  -> r
92 -18 -21 41 -30 -2 -10 5 -81 -18 -105 -75 35 -15 -71 154 -108 -23 4 66 -120 -48 -19 -146  -> r
136 -95 80 39 -120 -14 -109 -139 30 -118 -105 -44 13 -93 100 56 -101 72 -9 -121 46 -41 -87 -6  -> r
-27 -88 -21 102 -57 -15 110 -33 -65 88 -101 32 -30 -108 -106 -66 -91 -34 -43 -153 -58 -32 -157 27  -> r
-112 14 -175 -87 -103 -11 45 -105 -31 57 -54 79 107 -34 -16 74 -43 38 13 -55 -112 -106 -31 -40  -> r
63 -54 126 79 0 70 -141 4 140 68 -4 8 15 -6 -20 -60 -4 75 -58 26 -47 7 125 -24  -> r
-40 -96 60 -41 -13 -4 141 0 -44 162 0 113 56 34 -62 -136 -31 -40 -14 12 -19 159 -41 32  -> r
77 -54 -61 6 -73 193 -18 -56 -11 -57 -67 10 91 -120 106 -51 38 171 -59 -69 59 -15 41 81  -> r
20 -67 68 44 -88 -59 74 -38 63 -58 -26 -53 -113 -144 -75 -23 -54 8 199 -44 211 122 -149 -50  -> r
63 43 -125 5 -17 139 84 16 -34 -25 44 -151 -63 -25 -45 35 -44 56 175 140 47 -53 -27 -61  -> r
131 -38 66 12 -64 23 -72 -107 -27 -75 -54 43 124 -52 27 103 -87 50 -19 -148 2 -66 26 69  -> r
87 -103 -26 0 -63 54 -9 -150 175 -125 -111 12 -52 -49 59 65 1 268 96 -146 11 14 121 282  -> r
58 -110 -12 -109 19 19 99 -125 8 114 34 -5 -73 -82 149 53 5 -103 -33 -50 100 99 -56 23  -> r
91 12 49 189 135 -9 94 -21 0 -37 36 -40 33 -40 -171 82 -48 90 113 10 -36 -32 0 -60  -> r
95 -12 94 117 -19 61 60 -45 138 -107 12 -59 -157 -73 57 63 -6 -21 151 -25 74 79 105 -24  -> r
105 -51 138 94 -126 104 -13 -139 76 -60 -99 43 -15 -106 77 15 7 79 46 -41 46 96 -117 102  -> r
-45 -94 16 -31 -157 23 56 -90 50 64 -60 123 -35 -150 108 -118 -70 75 -12 -78 6 80 -129 53  -> r
153 5 94 74 61 217 193 -39 -74 -74 173 134 -29 -88 -87 112 67 243 95 181 17 -64 3 169  -> r
-2 -29 70 116 42 19 -24 54 20 -53 24 -44 76 -27 10 12 28 -11 -79 -83 94 -40 34 19  -> r
-9 8 -16 49 -91 66 18 -84 45 -57 -23 -6 117 -145 28 129 23 145 39 -83 36 -89 -41 24  -> r
8 -47 22 -19 3 0 105 -74 69 40 -13 38 -113 -73 5 -69 -59 -25 46 -109 113 127 -114 33  -> r
1 -143 66 66 -17 -10 94 -71 36 56 -7 -77 48 -54 -50 -26 23 -76 88 -74 -67 64 105 113  -> r
44 30 -28 4 61 -24 -13 14 -78 16 30 -42 99 34 -85 -30 60 5 8 -34 -52 108 54 -125  -> r
57 -26 -67 -20 -57 -47 52 -21 5 107 -71 3 55 -43 30 -65 -33 -43 -38 -33 -42 8 56 33  -> r
-1 -102 120 -9 -36 -79 48 -1 61 59 -43 -23 11 -53 175 15 -85 -11 -58 -11 69 5 -87 -14  -> r
36 57 -71 40 32 69 69 55 30 13 -30 42 26 55 40 -37 -127 -84 44 42 -64 109 -31 71  -> r
80 -97 -4 63 -6 6 0 -131 -58 20 -54 11 -53 -1 -10 47 -112 2 87 15 116 -14 -1 65  -> r
10 17 -38 -43 -22 33 33 -16 -48 101 -27 -20 -18 4 -62 -109 -7 -57 64 -36 47 195 -8 -23  -> r
22 -78 62 -88 -51 101 20 -124 13 -15 15 31 -40 -104 8 79 -57 17 35 -69 76 33 -105 27  -> r
-88 9 8 110 -74 -20 87 26 29 14 -57 -47 -21 -88 -34 -26 -54 40 30 -195 2 -2 2 52  -> r
95 -47 -14 -90 -41 -24 -53 -9 -72 36 -8 -30 74 -28 2 50 -41 -88 12 17 -31 6 28 -4  -> r
92 69 23 18 55 61 18 45 -5 -14 146 63 -30 -7 -118 18 21 112 121 115 -74 -29 -19 76  -> r
-41 17 -82 -48 30 119 158 -100 27 1 -98 21 -18 -55 110 71 -125 62 22 9 19 -71 -16 17  -> r
-19 -149 59 -38 -80 21 93 -126 219 99 -39 -23 -55 -119 12 -56 -171 64 0 -121 39 34 -134 120  -> r
90 11 72 52 -39 -25 6 6 36 -24 -17 66 -51 2 60 -16 12 6 37 -29 159 219 44 128  -> r
85 0 6 -45 -52 -32 -31 -35 -48 26 -24 51 78 10 -6 10 -30 82 33 -56 -82 -55 3 30  -> r
-17 -46 -30 -37 -3 78 58 -87 9 -34 -5 48 -107 -107 48 -40 -43 117 44 -95 78 57 -63 107  -> r
23 -131 -45 26 -59 78 131 20 99 68 -103 -94 -31 -24 59 -87 -90 58 -47 -23 -77 70 -99 95  -> r
-83 -74 -75 -60 -61 -28 63 -96 -4 105 -16 67 48 -103 -12 37 -86 17 4 -40 -54 91 -87 136  -> r
-72 -12 -21 -45 47 123 126 92 58 58 42 1 -15 24 96 95 57 33 83 -15 20 -85 -3 143  -> r
11 42 162 -43 -10 14 37 43 77 24 36 83 -3 2 93 -135 17 10 -50 -5 59 64 -24 26  -> r
-20 172 154 93 -75 -50 93 -15 202 99 91 149 -118 -5 -40 18 89 130 88 80 -80 54 24 77  -> r
-22 -84 -7 41 9 -46 48 67 29 62 -82 -8 65 17 27 -36 -66 2 55 -80 46 25 -50 58  -> r
57 -76 -57 91 57 38 180 -34 -36 87 -34 -26 -95 15 -49 -73 -24 -53 81 -80 6 96 58 76  -> r
42 127 -137 43 65 198 57 171 -124 -148 73 -78 34 160 37 158 -25 6 28 68 74 -4 -5 -22  -> r
45 -33 73 21 -18 39 -168 26 46 54 -52 42 10 -32 75 32 -7 -16 -4 -26 81 90 -38 155  -> r
52 24 -5 28 35 19 45 -55 53 -38 -21 16 18 -63 22 95 -37 80 25 -71 10 -68 21 20  -> r
-38 70 86 67 79 -23 47 43 42 97 16 27 -27 -26 24 -44 -23 -55 -54 -45 0 91 9 70  -> r
13 106 105 11 -5 5 -27 -7 27 -21 58 -15 45 78 80 82 -44 69 -24 -2 90 59 49 13  -> r
18 120 -53 123 46 152 157 108 40 -95 24 24 -50 -30 -70 5 -33 117 145 6 -12 -93 2 62  -> r
10 69 157 -91 -29 -124 -52 60 -1 63 -73 73 198 1 -85 -5 29 55 -35 -6 -41 -93 91 1  -> s
159 -94 61 162 -11 79 25 -77 -66 -106 -134 -12 -73 -5 15 29 -72 -69 83 -66 105 38 26 90  -> r
79 -83 4 77 97 140 71 6 -110 -33 1 -29 4 19 -34 96 -118 77 -7 34 -67 -27 -53 30  -> s
-48 87 93 97 166 74 5 23 73 -77 -4 36 -97 45 -142 -32 164 253 220 164 45 7 157 43  -> r
-114 -1 76 56 26 -49 -27 -31 46 27 63 38 -22 -52 21 -68 13 3 -23 -226 69 -78 -54 54  -> s
-48 -113 51 -27 -133 95 -9 -54 89 -109 -67 75 56 -111 127 -10 -75 54 -2 -98 11 -10 -101 63  -> s
-30 -31 -35 -34 -119 177 -17 -101 122 -117 -78 91 -72 -79 96 -25 -67 6 -63 -114 49 -29 -65 61  -> s
-315 158 476 -344 154 487 -293 124 446 -271 136 445 -245 115 399 -262 140 372 -282 93 320 -254 83 321  -> n
-104 114 188 -102 69 213 -94 92 193 -104 85 180 -55 100 186 -40 71 167 -81 59 183 -60 62 172  -> n
0 29 -87 21 -55 -129 36 -130 -71 84 -174 -113 35 -162 -188 5 -180 -161 52 -125 -187 16 -137 -188  -> n
12 -240 -164 1 -177 -144 71 -141 -138 23 -169 -158 16 -193 -123 19 -229 -155 -33 -249 -115 -43 -230 -104  -> n
